{
 "cells": [
  {
   "cell_type": "code",
   "execution_count": 1,
   "metadata": {},
   "outputs": [],
   "source": [
    "from perses.analysis import utils\n",
    "from openmmtools.multistate import MultiStateReporter, MultiStateSamplerAnalyzer\n",
    "from simtk import unit\n",
    "import os\n",
    "import itertools\n",
    "from tqdm import tqdm_notebook\n",
    "import pandas as pd\n"
   ]
  },
  {
   "cell_type": "code",
   "execution_count": 2,
   "metadata": {},
   "outputs": [],
   "source": [
    "# Global variables\n",
    "amino_acids = ['ALA', 'CYS', 'SER', 'THR']\n",
    "solvent_dir = '../data/solvent/'\n",
    "vacuum_dir = '../data/vacuum/'"
   ]
  },
  {
   "cell_type": "code",
   "execution_count": 3,
   "metadata": {},
   "outputs": [],
   "source": [
    "# Create list of tuples for every pair of amino acids\n",
    "pairs = list(itertools.permutations(amino_acids, r=2))"
   ]
  },
  {
   "cell_type": "code",
   "execution_count": 10,
   "metadata": {},
   "outputs": [],
   "source": [
    "# Given a path, get dg and ddg\n",
    "def analyze(path):\n",
    "    reporter = MultiStateReporter(path)\n",
    "    analyzer = MultiStateSamplerAnalyzer(reporter)\n",
    "    f_ij, df_ij = analyzer.get_free_energy()\n",
    "    f = f_ij[0,-1] # units = kT\n",
    "#     f = f_ij[0,-1] * analyzer.kT\n",
    "#     dg = f.in_units_of(unit.kilocalories_per_mole)\n",
    "    df = df_ij[0, -1]\n",
    "#     df = df_ij[0, -1] * analyzer.kT\n",
    "#     ddg = df.in_units_of(unit.kilocalories_per_mole)\n",
    "    return f, df\n",
    "\n",
    "def analyze_dom(path):\n",
    "    reporter = MultiStateReporter(path)\n",
    "    ncfile = utils.open_netcdf(path)\n",
    "    n_iterations = ncfile.variables['last_iteration'][0]\n",
    "    dg, ddg = list(), list()\n",
    "    for step in range(1, n_iterations, 50):\n",
    "        analyzer = MultiStateSamplerAnalyzer(reporter, max_n_iterations=step)\n",
    "        f_ij, df_ij = analyzer.get_free_energy()\n",
    "        dg.append(f_ij[0,-1])\n",
    "        ddg.append(df_ij[0,-1])\n",
    "    return dg, ddg"
   ]
  },
  {
   "cell_type": "code",
   "execution_count": 18,
   "metadata": {},
   "outputs": [
    {
     "name": "stdout",
     "output_type": "stream",
     "text": [
      "1\n",
      "50\n",
      "99\n",
      "148\n",
      "197\n",
      "246\n",
      "295\n",
      "344\n",
      "393\n",
      "442\n",
      "491\n",
      "540\n",
      "589\n",
      "638\n",
      "687\n",
      "736\n",
      "785\n",
      "834\n",
      "883\n",
      "932\n",
      "981\n",
      "1030\n",
      "1079\n",
      "1128\n",
      "1177\n",
      "1226\n",
      "1275\n",
      "1324\n",
      "1373\n",
      "1422\n",
      "1471\n",
      "1520\n",
      "1569\n",
      "1618\n",
      "1667\n",
      "1716\n",
      "1765\n",
      "1814\n",
      "1863\n",
      "1912\n",
      "1961\n",
      "2010\n",
      "2059\n",
      "2108\n",
      "2157\n",
      "2206\n",
      "2255\n",
      "2304\n",
      "2353\n",
      "2402\n",
      "2451\n",
      "2500\n",
      "2549\n",
      "2598\n",
      "2647\n",
      "2696\n",
      "2745\n",
      "2794\n",
      "2843\n",
      "2892\n",
      "2941\n",
      "2990\n",
      "3039\n",
      "3088\n",
      "3137\n",
      "3186\n",
      "3235\n",
      "3284\n",
      "3333\n",
      "3382\n",
      "3431\n",
      "3480\n",
      "3529\n",
      "3578\n",
      "3627\n",
      "3676\n",
      "3725\n",
      "3774\n",
      "3823\n",
      "3872\n",
      "3921\n",
      "3970\n",
      "4019\n",
      "4068\n",
      "4117\n",
      "4166\n",
      "4215\n",
      "4264\n",
      "4313\n",
      "4362\n",
      "4411\n",
      "4460\n",
      "4509\n",
      "4558\n",
      "4607\n",
      "4656\n",
      "4705\n",
      "4754\n",
      "4803\n",
      "4852\n",
      "4901\n",
      "4950\n",
      "4999\n"
     ]
    }
   ],
   "source": [
    "for step in range(1, 5001, 49):\n",
    "    print(step)"
   ]
  },
  {
   "cell_type": "code",
   "execution_count": 48,
   "metadata": {},
   "outputs": [
    {
     "name": "stderr",
     "output_type": "stream",
     "text": [
      "/home/zhangi/miniconda3/envs/perses-sims/lib/python3.7/site-packages/openmmtools/multistate/multistatereporter.py:116: UserWarning: Warning: The openmmtools.multistate API is experimental and may change in future releases\n",
      "  warnings.warn('Warning: The openmmtools.multistate API is experimental and may change in future releases')\n",
      "DEBUG:openmmtools.multistate.multistatereporter:Initial checkpoint file automatically chosen as ../data/solvent/1_checkpoint.nc\n",
      "/home/zhangi/miniconda3/envs/perses-sims/lib/python3.7/site-packages/openmmtools/multistate/multistateanalyzer.py:1175: UserWarning: Warning: The openmmtools.multistate API is experimental and may change in future releases\n",
      "  warnings.warn('Warning: The openmmtools.multistate API is experimental and may change in future releases')\n",
      "DEBUG:openmmtools.multistate.multistatereporter:checkpoint_interval != on-file checkpoint interval! Using on file analysis interval of 10.\n",
      "DEBUG:openmmtools.multistate.multistatereporter:analysis_particle_indices != on-file analysis_particle_indices!Using on file analysis indices of [   0    1    2    3    4    5    6    7    8    9   10   11   12   13\n",
      "   14   15   16   17   18   19   20   21   22   23 1986 1987 1988 1989]\n",
      "DEBUG:openmmtools.multistate.multistateanalyzer:Checking if we need to unbias the restraint...\n",
      "DEBUG:openmmtools.multistate.multistateanalyzer:Trying to get radially symmetric restraint data...\n",
      "DEBUG:openmmtools.multistate.multistateanalyzer:Retrieving end thermodynamic states...\n",
      "DEBUG:openmmtools.multistate.multistateanalyzer:Isolating restraint force...\n",
      "DEBUG:openmmtools.multistate.multistateanalyzer:No force of type <class 'openmmtools.forces.RadiallySymmetricRestraintForce'> could be found. The restraint will not be unbiased.\n",
      "DEBUG:openmmtools.multistate.multistateanalyzer:Reading energies...\n",
      "DEBUG:openmmtools.multistate.multistatereporter:read_replica_thermodynamic_states: iteration = [   0    1    2 ... 4998 4999 5000]\n",
      "DEBUG:openmmtools.multistate.multistateanalyzer:Done.\n",
      "DEBUG:openmmtools.multistate.multistateanalyzer:Assembling effective timeseries...\n",
      "DEBUG:openmmtools.multistate.multistateanalyzer:Done.\n",
      "DEBUG:openmmtools.multistate.multistateanalyzer:Could not find t0: None of the requested keys could be found on disk!\n",
      "DEBUG:openmmtools.multistate.multistateanalyzer:Equilibration data:\n",
      "DEBUG:openmmtools.multistate.multistateanalyzer: number of iterations discarded to equilibration : 101\n",
      "DEBUG:openmmtools.multistate.multistateanalyzer: statistical inefficiency of production region   : 2.5141570568084717\n",
      "DEBUG:openmmtools.multistate.multistateanalyzer: effective number of uncorrelated samples        : 1949.361083984375\n",
      "DEBUG:openmmtools.multistate.multistateanalyzer:Assembling uncorrelated energies...\n",
      "DEBUG:openmmtools.multistate.multistateanalyzer:Done.\n",
      "DEBUG:openmmtools.multistate.multistateanalyzer:Computing free energy differences...\n",
      "DEBUG:openmmtools.multistate.multistateanalyzer:Done.\n",
      "DEBUG:openmmtools.multistate.multistateanalyzer:Computing covariance matrix...\n",
      "DEBUG:openmmtools.multistate.multistateanalyzer:Deltaf_ij:\n",
      "DEBUG:openmmtools.multistate.multistateanalyzer:   0.000   0.174   1.531   2.593   2.301   1.789   5.346   8.673  11.705  14.223  15.725\n",
      "DEBUG:openmmtools.multistate.multistateanalyzer:  -0.174   0.000   1.356   2.419   2.127   1.615   5.172   8.498  11.531  14.049  15.551\n",
      "DEBUG:openmmtools.multistate.multistateanalyzer:  -1.531  -1.356   0.000   1.063   0.771   0.258   3.815   7.142  10.175  12.693  14.195\n",
      "DEBUG:openmmtools.multistate.multistateanalyzer:  -2.593  -2.419  -1.063   0.000  -0.292  -0.804   2.753   6.079   9.112  11.630  13.132\n",
      "DEBUG:openmmtools.multistate.multistateanalyzer:  -2.301  -2.127  -0.771   0.292   0.000  -0.512   3.045   6.372   9.404  11.922  13.424\n",
      "DEBUG:openmmtools.multistate.multistateanalyzer:  -1.789  -1.615  -0.258   0.804   0.512   0.000   3.557   6.884   9.916  12.434  13.936\n",
      "DEBUG:openmmtools.multistate.multistateanalyzer:  -5.346  -5.172  -3.815  -2.753  -3.045  -3.557   0.000   3.327   6.359   8.877  10.380\n",
      "DEBUG:openmmtools.multistate.multistateanalyzer:  -8.673  -8.498  -7.142  -6.079  -6.372  -6.884  -3.327   0.000   3.032   5.551   7.053\n",
      "DEBUG:openmmtools.multistate.multistateanalyzer: -11.705 -11.531 -10.175  -9.112  -9.404  -9.916  -6.359  -3.032   0.000   2.518   4.020\n",
      "DEBUG:openmmtools.multistate.multistateanalyzer: -14.223 -14.049 -12.693 -11.630 -11.922 -12.434  -8.877  -5.551  -2.518   0.000   1.502\n",
      "DEBUG:openmmtools.multistate.multistateanalyzer: -15.725 -15.551 -14.195 -13.132 -13.424 -13.936 -10.380  -7.053  -4.020  -1.502   0.000\n",
      "DEBUG:openmmtools.multistate.multistateanalyzer:dDeltaf_ij:\n",
      "DEBUG:openmmtools.multistate.multistateanalyzer:   0.000   0.005   0.018   0.036   0.039   0.040   0.040   0.041   0.043   0.046   0.053\n",
      "DEBUG:openmmtools.multistate.multistateanalyzer:   0.005   0.000   0.014   0.033   0.037   0.038   0.038   0.039   0.040   0.044   0.051\n",
      "DEBUG:openmmtools.multistate.multistateanalyzer:   0.018   0.014   0.000   0.023   0.027   0.028   0.029   0.030   0.032   0.036   0.045\n",
      "DEBUG:openmmtools.multistate.multistateanalyzer:   0.036   0.033   0.023   0.000   0.006   0.008   0.010   0.013   0.017   0.024   0.036\n",
      "DEBUG:openmmtools.multistate.multistateanalyzer:   0.039   0.037   0.027   0.006   0.000   0.003   0.006   0.010   0.015   0.023   0.035\n",
      "DEBUG:openmmtools.multistate.multistateanalyzer:   0.040   0.038   0.028   0.008   0.003   0.000   0.005   0.010   0.015   0.023   0.035\n",
      "DEBUG:openmmtools.multistate.multistateanalyzer:   0.040   0.038   0.029   0.010   0.006   0.005   0.000   0.005   0.011   0.020   0.033\n",
      "DEBUG:openmmtools.multistate.multistateanalyzer:   0.041   0.039   0.030   0.013   0.010   0.010   0.005   0.000   0.007   0.016   0.031\n",
      "DEBUG:openmmtools.multistate.multistateanalyzer:   0.043   0.040   0.032   0.017   0.015   0.015   0.011   0.007   0.000   0.011   0.027\n",
      "DEBUG:openmmtools.multistate.multistateanalyzer:   0.046   0.044   0.036   0.024   0.023   0.023   0.020   0.016   0.011   0.000   0.018\n",
      "DEBUG:openmmtools.multistate.multistateanalyzer:   0.053   0.051   0.045   0.036   0.035   0.035   0.033   0.031   0.027   0.018   0.000\n"
     ]
    },
    {
     "data": {
      "text/plain": [
       "(15.725496666745677, 0.05282252353355192)"
      ]
     },
     "execution_count": 48,
     "metadata": {},
     "output_type": "execute_result"
    }
   ],
   "source": [
    "analyze(\"../data/solvent/1.nc\")"
   ]
  },
  {
   "cell_type": "code",
   "execution_count": 11,
   "metadata": {},
   "outputs": [
    {
     "name": "stderr",
     "output_type": "stream",
     "text": [
      "/home/zhangi/miniconda3/envs/perses-sims/lib/python3.7/site-packages/openmmtools/multistate/multistatereporter.py:116: UserWarning: Warning: The openmmtools.multistate API is experimental and may change in future releases\n",
      "  warnings.warn('Warning: The openmmtools.multistate API is experimental and may change in future releases')\n",
      "DEBUG:openmmtools.multistate.multistatereporter:Initial checkpoint file automatically chosen as ../data/solvent/1_checkpoint.nc\n",
      "/home/zhangi/miniconda3/envs/perses-sims/lib/python3.7/site-packages/openmmtools/multistate/multistateanalyzer.py:1175: UserWarning: Warning: The openmmtools.multistate API is experimental and may change in future releases\n",
      "  warnings.warn('Warning: The openmmtools.multistate API is experimental and may change in future releases')\n",
      "DEBUG:openmmtools.multistate.multistatereporter:checkpoint_interval != on-file checkpoint interval! Using on file analysis interval of 10.\n",
      "DEBUG:openmmtools.multistate.multistatereporter:analysis_particle_indices != on-file analysis_particle_indices!Using on file analysis indices of [   0    1    2    3    4    5    6    7    8    9   10   11   12   13\n",
      "   14   15   16   17   18   19   20   21   22   23 1986 1987 1988 1989]\n",
      "DEBUG:openmmtools.multistate.multistateanalyzer:Checking if we need to unbias the restraint...\n",
      "DEBUG:openmmtools.multistate.multistateanalyzer:Trying to get radially symmetric restraint data...\n",
      "DEBUG:openmmtools.multistate.multistateanalyzer:Retrieving end thermodynamic states...\n",
      "DEBUG:openmmtools.multistate.multistateanalyzer:Isolating restraint force...\n",
      "DEBUG:openmmtools.multistate.multistateanalyzer:No force of type <class 'openmmtools.forces.RadiallySymmetricRestraintForce'> could be found. The restraint will not be unbiased.\n",
      "DEBUG:openmmtools.multistate.multistateanalyzer:Reading energies...\n",
      "DEBUG:openmmtools.multistate.multistatereporter:read_replica_thermodynamic_states: iteration = [   0    1    2 ... 4998 4999 5000]\n",
      "DEBUG:openmmtools.multistate.multistateanalyzer:Done.\n",
      "DEBUG:openmmtools.multistate.multistateanalyzer:Assembling effective timeseries...\n",
      "DEBUG:openmmtools.multistate.multistateanalyzer:Done.\n",
      "DEBUG:openmmtools.multistate.multistateanalyzer:Could not find t0: None of the requested keys could be found on disk!\n",
      "DEBUG:openmmtools.multistate.multistateanalyzer:Equilibration data:\n",
      "DEBUG:openmmtools.multistate.multistateanalyzer: number of iterations discarded to equilibration : 1\n",
      "DEBUG:openmmtools.multistate.multistateanalyzer: statistical inefficiency of production region   : 1\n",
      "DEBUG:openmmtools.multistate.multistateanalyzer: effective number of uncorrelated samples        : 1\n",
      "DEBUG:openmmtools.multistate.multistateanalyzer:Assembling uncorrelated energies...\n",
      "DEBUG:openmmtools.multistate.multistateanalyzer:Done.\n",
      "DEBUG:openmmtools.multistate.multistateanalyzer:Computing free energy differences...\n",
      "DEBUG:openmmtools.multistate.multistateanalyzer:Done.\n",
      "DEBUG:openmmtools.multistate.multistateanalyzer:Computing covariance matrix...\n",
      "DEBUG:openmmtools.multistate.multistateanalyzer:Deltaf_ij:\n",
      "DEBUG:openmmtools.multistate.multistateanalyzer:   0.000  -0.516  -0.622  -0.607  -1.101  -1.758   0.720   3.017   5.179   7.241   9.221\n",
      "DEBUG:openmmtools.multistate.multistateanalyzer:   0.516   0.000  -0.106  -0.091  -0.585  -1.242   1.236   3.533   5.696   7.757   9.737\n",
      "DEBUG:openmmtools.multistate.multistateanalyzer:   0.622   0.106   0.000   0.015  -0.479  -1.136   1.342   3.638   5.801   7.862   9.842\n",
      "DEBUG:openmmtools.multistate.multistateanalyzer:   0.607   0.091  -0.015   0.000  -0.494  -1.151   1.327   3.624   5.787   7.848   9.828\n",
      "DEBUG:openmmtools.multistate.multistateanalyzer:   1.101   0.585   0.479   0.494   0.000  -0.656   1.822   4.118   6.281   8.342  10.322\n",
      "DEBUG:openmmtools.multistate.multistateanalyzer:   1.758   1.242   1.136   1.151   0.656   0.000   2.478   4.774   6.937   8.998  10.978\n",
      "DEBUG:openmmtools.multistate.multistateanalyzer:  -0.720  -1.236  -1.342  -1.327  -1.822  -2.478   0.000   2.296   4.459   6.520   8.500\n",
      "DEBUG:openmmtools.multistate.multistateanalyzer:  -3.017  -3.533  -3.638  -3.624  -4.118  -4.774  -2.296   0.000   2.163   4.224   6.204\n",
      "DEBUG:openmmtools.multistate.multistateanalyzer:  -5.179  -5.696  -5.801  -5.787  -6.281  -6.937  -4.459  -2.163   0.000   2.061   4.041\n",
      "DEBUG:openmmtools.multistate.multistateanalyzer:  -7.241  -7.757  -7.862  -7.848  -8.342  -8.998  -6.520  -4.224  -2.061   0.000   1.980\n",
      "DEBUG:openmmtools.multistate.multistateanalyzer:  -9.221  -9.737  -9.842  -9.828 -10.322 -10.978  -8.500  -6.204  -4.041  -1.980   0.000\n",
      "DEBUG:openmmtools.multistate.multistateanalyzer:dDeltaf_ij:\n",
      "DEBUG:openmmtools.multistate.multistateanalyzer:   0.000   0.087   0.224   0.541   0.693   0.762   0.775   0.821   0.883   0.957   1.038\n",
      "DEBUG:openmmtools.multistate.multistateanalyzer:   0.087   0.000   0.144   0.471   0.626   0.699   0.713   0.763   0.829   0.907   0.992\n",
      "DEBUG:openmmtools.multistate.multistateanalyzer:   0.224   0.144   0.000   0.330   0.487   0.564   0.584   0.645   0.722   0.810   0.904\n",
      "DEBUG:openmmtools.multistate.multistateanalyzer:   0.541   0.471   0.330   0.000   0.165   0.258   0.316   0.422   0.531   0.643   0.755\n",
      "DEBUG:openmmtools.multistate.multistateanalyzer:   0.693   0.626   0.487   0.165   0.000   0.102   0.220   0.358   0.480   0.598   0.715\n",
      "DEBUG:openmmtools.multistate.multistateanalyzer:   0.762   0.699   0.564   0.258   0.102   0.000   0.194   0.344   0.468   0.586   0.703\n",
      "DEBUG:openmmtools.multistate.multistateanalyzer:   0.775   0.713   0.584   0.316   0.220   0.194   0.000   0.159   0.299   0.435   0.569\n",
      "DEBUG:openmmtools.multistate.multistateanalyzer:   0.821   0.763   0.645   0.422   0.358   0.344   0.159   0.000   0.148   0.295   0.441\n",
      "DEBUG:openmmtools.multistate.multistateanalyzer:   0.883   0.829   0.722   0.531   0.480   0.468   0.299   0.148   0.000   0.152   0.304\n",
      "DEBUG:openmmtools.multistate.multistateanalyzer:   0.957   0.907   0.810   0.643   0.598   0.586   0.435   0.295   0.152   0.000   0.155\n",
      "DEBUG:openmmtools.multistate.multistateanalyzer:   1.038   0.992   0.904   0.755   0.715   0.703   0.569   0.441   0.304   0.155   0.000\n",
      "/home/zhangi/miniconda3/envs/perses-sims/lib/python3.7/site-packages/openmmtools/multistate/multistateanalyzer.py:1175: UserWarning: Warning: The openmmtools.multistate API is experimental and may change in future releases\n",
      "  warnings.warn('Warning: The openmmtools.multistate API is experimental and may change in future releases')\n",
      "DEBUG:openmmtools.multistate.multistateanalyzer:Checking if we need to unbias the restraint...\n",
      "DEBUG:openmmtools.multistate.multistateanalyzer:Trying to get radially symmetric restraint data...\n",
      "DEBUG:openmmtools.multistate.multistateanalyzer:Retrieving end thermodynamic states...\n",
      "DEBUG:openmmtools.multistate.multistateanalyzer:Isolating restraint force...\n",
      "DEBUG:openmmtools.multistate.multistateanalyzer:No force of type <class 'openmmtools.forces.RadiallySymmetricRestraintForce'> could be found. The restraint will not be unbiased.\n",
      "DEBUG:openmmtools.multistate.multistateanalyzer:Reading energies...\n",
      "DEBUG:openmmtools.multistate.multistatereporter:read_replica_thermodynamic_states: iteration = [   0    1    2 ... 4998 4999 5000]\n",
      "DEBUG:openmmtools.multistate.multistateanalyzer:Done.\n",
      "DEBUG:openmmtools.multistate.multistateanalyzer:Assembling effective timeseries...\n",
      "DEBUG:openmmtools.multistate.multistateanalyzer:Done.\n",
      "DEBUG:openmmtools.multistate.multistateanalyzer:Could not find t0: None of the requested keys could be found on disk!\n",
      "DEBUG:openmmtools.multistate.multistateanalyzer:Equilibration data:\n",
      "DEBUG:openmmtools.multistate.multistateanalyzer: number of iterations discarded to equilibration : 42\n",
      "DEBUG:openmmtools.multistate.multistateanalyzer: statistical inefficiency of production region   : 1.0\n",
      "DEBUG:openmmtools.multistate.multistateanalyzer: effective number of uncorrelated samples        : 11.0\n",
      "DEBUG:openmmtools.multistate.multistateanalyzer:Assembling uncorrelated energies...\n",
      "DEBUG:openmmtools.multistate.multistateanalyzer:Done.\n",
      "DEBUG:openmmtools.multistate.multistateanalyzer:Computing free energy differences...\n",
      "DEBUG:openmmtools.multistate.multistateanalyzer:Done.\n",
      "DEBUG:openmmtools.multistate.multistateanalyzer:Computing covariance matrix...\n"
     ]
    },
    {
     "name": "stderr",
     "output_type": "stream",
     "text": [
      "DEBUG:openmmtools.multistate.multistateanalyzer:Deltaf_ij:\n",
      "DEBUG:openmmtools.multistate.multistateanalyzer:   0.000  -0.105   0.546   0.811   0.230  -0.490   2.350   4.847   7.003   8.775  10.146\n",
      "DEBUG:openmmtools.multistate.multistateanalyzer:   0.105   0.000   0.652   0.916   0.335  -0.385   2.455   4.953   7.108   8.881  10.251\n",
      "DEBUG:openmmtools.multistate.multistateanalyzer:  -0.546  -0.652   0.000   0.265  -0.316  -1.036   1.803   4.301   6.457   8.229   9.599\n",
      "DEBUG:openmmtools.multistate.multistateanalyzer:  -0.811  -0.916  -0.265   0.000  -0.581  -1.301   1.539   4.036   6.192   7.964   9.335\n",
      "DEBUG:openmmtools.multistate.multistateanalyzer:  -0.230  -0.335   0.316   0.581   0.000  -0.720   2.120   4.617   6.773   8.545   9.916\n",
      "DEBUG:openmmtools.multistate.multistateanalyzer:   0.490   0.385   1.036   1.301   0.720   0.000   2.840   5.337   7.493   9.265  10.636\n",
      "DEBUG:openmmtools.multistate.multistateanalyzer:  -2.350  -2.455  -1.803  -1.539  -2.120  -2.840   0.000   2.498   4.653   6.426   7.796\n",
      "DEBUG:openmmtools.multistate.multistateanalyzer:  -4.847  -4.953  -4.301  -4.036  -4.617  -5.337  -2.498   0.000   2.156   3.928   5.298\n",
      "DEBUG:openmmtools.multistate.multistateanalyzer:  -7.003  -7.108  -6.457  -6.192  -6.773  -7.493  -4.653  -2.156   0.000   1.772   3.143\n",
      "DEBUG:openmmtools.multistate.multistateanalyzer:  -8.775  -8.881  -8.229  -7.964  -8.545  -9.265  -6.426  -3.928  -1.772   0.000   1.370\n",
      "DEBUG:openmmtools.multistate.multistateanalyzer: -10.146 -10.251  -9.599  -9.335  -9.916 -10.636  -7.796  -5.298  -3.143  -1.370   0.000\n",
      "DEBUG:openmmtools.multistate.multistateanalyzer:dDeltaf_ij:\n",
      "DEBUG:openmmtools.multistate.multistateanalyzer:   0.000   0.089   0.249   0.400   0.431   0.445   0.461   0.483   0.512   0.552   0.598\n",
      "DEBUG:openmmtools.multistate.multistateanalyzer:   0.089   0.000   0.176   0.349   0.383   0.399   0.417   0.441   0.473   0.515   0.564\n",
      "DEBUG:openmmtools.multistate.multistateanalyzer:   0.249   0.176   0.000   0.209   0.252   0.273   0.297   0.329   0.371   0.424   0.482\n",
      "DEBUG:openmmtools.multistate.multistateanalyzer:   0.400   0.349   0.209   0.000   0.057   0.092   0.142   0.198   0.261   0.332   0.404\n",
      "DEBUG:openmmtools.multistate.multistateanalyzer:   0.431   0.383   0.252   0.057   0.000   0.038   0.104   0.170   0.240   0.315   0.390\n",
      "DEBUG:openmmtools.multistate.multistateanalyzer:   0.445   0.399   0.273   0.092   0.038   0.000   0.084   0.154   0.228   0.306   0.383\n",
      "DEBUG:openmmtools.multistate.multistateanalyzer:   0.461   0.417   0.297   0.142   0.104   0.084   0.000   0.079   0.165   0.256   0.343\n",
      "DEBUG:openmmtools.multistate.multistateanalyzer:   0.483   0.441   0.329   0.198   0.170   0.154   0.079   0.000   0.093   0.194   0.292\n",
      "DEBUG:openmmtools.multistate.multistateanalyzer:   0.512   0.473   0.371   0.261   0.240   0.228   0.165   0.093   0.000   0.107   0.219\n",
      "DEBUG:openmmtools.multistate.multistateanalyzer:   0.552   0.515   0.424   0.332   0.315   0.306   0.256   0.194   0.107   0.000   0.124\n",
      "DEBUG:openmmtools.multistate.multistateanalyzer:   0.598   0.564   0.482   0.404   0.390   0.383   0.343   0.292   0.219   0.124   0.000\n",
      "/home/zhangi/miniconda3/envs/perses-sims/lib/python3.7/site-packages/openmmtools/multistate/multistateanalyzer.py:1175: UserWarning: Warning: The openmmtools.multistate API is experimental and may change in future releases\n",
      "  warnings.warn('Warning: The openmmtools.multistate API is experimental and may change in future releases')\n",
      "DEBUG:openmmtools.multistate.multistateanalyzer:Checking if we need to unbias the restraint...\n",
      "DEBUG:openmmtools.multistate.multistateanalyzer:Trying to get radially symmetric restraint data...\n",
      "DEBUG:openmmtools.multistate.multistateanalyzer:Retrieving end thermodynamic states...\n",
      "DEBUG:openmmtools.multistate.multistateanalyzer:Isolating restraint force...\n",
      "DEBUG:openmmtools.multistate.multistateanalyzer:No force of type <class 'openmmtools.forces.RadiallySymmetricRestraintForce'> could be found. The restraint will not be unbiased.\n",
      "DEBUG:openmmtools.multistate.multistateanalyzer:Reading energies...\n",
      "DEBUG:openmmtools.multistate.multistatereporter:read_replica_thermodynamic_states: iteration = [   0    1    2 ... 4998 4999 5000]\n",
      "DEBUG:openmmtools.multistate.multistateanalyzer:Done.\n",
      "DEBUG:openmmtools.multistate.multistateanalyzer:Assembling effective timeseries...\n",
      "DEBUG:openmmtools.multistate.multistateanalyzer:Done.\n",
      "DEBUG:openmmtools.multistate.multistateanalyzer:Could not find t0: None of the requested keys could be found on disk!\n",
      "DEBUG:openmmtools.multistate.multistateanalyzer:Equilibration data:\n",
      "DEBUG:openmmtools.multistate.multistateanalyzer: number of iterations discarded to equilibration : 84\n",
      "DEBUG:openmmtools.multistate.multistateanalyzer: statistical inefficiency of production region   : 1.0\n",
      "DEBUG:openmmtools.multistate.multistateanalyzer: effective number of uncorrelated samples        : 19.0\n",
      "DEBUG:openmmtools.multistate.multistateanalyzer:Assembling uncorrelated energies...\n",
      "DEBUG:openmmtools.multistate.multistateanalyzer:Done.\n",
      "DEBUG:openmmtools.multistate.multistateanalyzer:Computing free energy differences...\n",
      "DEBUG:openmmtools.multistate.multistateanalyzer:Done.\n",
      "DEBUG:openmmtools.multistate.multistateanalyzer:Computing covariance matrix...\n",
      "DEBUG:openmmtools.multistate.multistateanalyzer:Deltaf_ij:\n",
      "DEBUG:openmmtools.multistate.multistateanalyzer:   0.000   0.107   1.372   2.467   2.167   1.604   4.730   7.469   9.798  11.666  13.054\n",
      "DEBUG:openmmtools.multistate.multistateanalyzer:  -0.107   0.000   1.265   2.360   2.060   1.497   4.623   7.362   9.690  11.558  12.947\n",
      "DEBUG:openmmtools.multistate.multistateanalyzer:  -1.372  -1.265   0.000   1.095   0.795   0.232   3.358   6.097   8.425  10.293  11.681\n",
      "DEBUG:openmmtools.multistate.multistateanalyzer:  -2.467  -2.360  -1.095   0.000  -0.300  -0.863   2.263   5.002   7.330   9.199  10.587\n",
      "DEBUG:openmmtools.multistate.multistateanalyzer:  -2.167  -2.060  -0.795   0.300   0.000  -0.563   2.563   5.302   7.631   9.499  10.887\n",
      "DEBUG:openmmtools.multistate.multistateanalyzer:  -1.604  -1.497  -0.232   0.863   0.563   0.000   3.126   5.865   8.194  10.062  11.450\n",
      "DEBUG:openmmtools.multistate.multistateanalyzer:  -4.730  -4.623  -3.358  -2.263  -2.563  -3.126   0.000   2.739   5.067   6.936   8.324\n",
      "DEBUG:openmmtools.multistate.multistateanalyzer:  -7.469  -7.362  -6.097  -5.002  -5.302  -5.865  -2.739   0.000   2.328   4.197   5.585\n",
      "DEBUG:openmmtools.multistate.multistateanalyzer:  -9.798  -9.690  -8.425  -7.330  -7.631  -8.194  -5.067  -2.328   0.000   1.868   3.256\n",
      "DEBUG:openmmtools.multistate.multistateanalyzer: -11.666 -11.558 -10.293  -9.199  -9.499 -10.062  -6.936  -4.197  -1.868   0.000   1.388\n",
      "DEBUG:openmmtools.multistate.multistateanalyzer: -13.054 -12.947 -11.681 -10.587 -10.887 -11.450  -8.324  -5.585  -3.256  -1.388   0.000\n",
      "DEBUG:openmmtools.multistate.multistateanalyzer:dDeltaf_ij:\n",
      "DEBUG:openmmtools.multistate.multistateanalyzer:   0.000   0.057   0.182   0.367   0.407   0.418   0.428   0.446   0.470   0.498   0.532\n",
      "DEBUG:openmmtools.multistate.multistateanalyzer:   0.057   0.000   0.139   0.341   0.383   0.395   0.406   0.425   0.449   0.479   0.514\n",
      "DEBUG:openmmtools.multistate.multistateanalyzer:   0.182   0.139   0.000   0.238   0.291   0.305   0.319   0.343   0.373   0.408   0.448\n",
      "DEBUG:openmmtools.multistate.multistateanalyzer:   0.367   0.341   0.238   0.000   0.073   0.099   0.133   0.181   0.233   0.285   0.341\n",
      "DEBUG:openmmtools.multistate.multistateanalyzer:   0.407   0.383   0.291   0.073   0.000   0.033   0.087   0.148   0.206   0.264   0.323\n",
      "DEBUG:openmmtools.multistate.multistateanalyzer:   0.418   0.395   0.305   0.099   0.033   0.000   0.069   0.134   0.195   0.255   0.316\n",
      "DEBUG:openmmtools.multistate.multistateanalyzer:   0.428   0.406   0.319   0.133   0.087   0.069   0.000   0.071   0.141   0.212   0.282\n",
      "DEBUG:openmmtools.multistate.multistateanalyzer:   0.446   0.425   0.343   0.181   0.148   0.134   0.071   0.000   0.076   0.159   0.240\n",
      "DEBUG:openmmtools.multistate.multistateanalyzer:   0.470   0.449   0.373   0.233   0.206   0.195   0.141   0.076   0.000   0.090   0.182\n",
      "DEBUG:openmmtools.multistate.multistateanalyzer:   0.498   0.479   0.408   0.285   0.264   0.255   0.212   0.159   0.090   0.000   0.099\n"
     ]
    },
    {
     "name": "stderr",
     "output_type": "stream",
     "text": [
      "DEBUG:openmmtools.multistate.multistateanalyzer:   0.532   0.514   0.448   0.341   0.323   0.316   0.282   0.240   0.182   0.099   0.000\n",
      "/home/zhangi/miniconda3/envs/perses-sims/lib/python3.7/site-packages/openmmtools/multistate/multistateanalyzer.py:1175: UserWarning: Warning: The openmmtools.multistate API is experimental and may change in future releases\n",
      "  warnings.warn('Warning: The openmmtools.multistate API is experimental and may change in future releases')\n",
      "DEBUG:openmmtools.multistate.multistateanalyzer:Checking if we need to unbias the restraint...\n",
      "DEBUG:openmmtools.multistate.multistateanalyzer:Trying to get radially symmetric restraint data...\n",
      "DEBUG:openmmtools.multistate.multistateanalyzer:Retrieving end thermodynamic states...\n",
      "DEBUG:openmmtools.multistate.multistateanalyzer:Isolating restraint force...\n",
      "DEBUG:openmmtools.multistate.multistateanalyzer:No force of type <class 'openmmtools.forces.RadiallySymmetricRestraintForce'> could be found. The restraint will not be unbiased.\n",
      "DEBUG:openmmtools.multistate.multistateanalyzer:Reading energies...\n",
      "DEBUG:openmmtools.multistate.multistatereporter:read_replica_thermodynamic_states: iteration = [   0    1    2 ... 4998 4999 5000]\n",
      "DEBUG:openmmtools.multistate.multistateanalyzer:Done.\n",
      "DEBUG:openmmtools.multistate.multistateanalyzer:Assembling effective timeseries...\n",
      "DEBUG:openmmtools.multistate.multistateanalyzer:Done.\n",
      "DEBUG:openmmtools.multistate.multistateanalyzer:Could not find t0: None of the requested keys could be found on disk!\n",
      "DEBUG:openmmtools.multistate.multistateanalyzer:Equilibration data:\n",
      "DEBUG:openmmtools.multistate.multistateanalyzer: number of iterations discarded to equilibration : 108\n",
      "DEBUG:openmmtools.multistate.multistateanalyzer: statistical inefficiency of production region   : 1.3155966997146606\n",
      "DEBUG:openmmtools.multistate.multistateanalyzer: effective number of uncorrelated samples        : 34.20500946044922\n",
      "DEBUG:openmmtools.multistate.multistateanalyzer:Assembling uncorrelated energies...\n",
      "DEBUG:openmmtools.multistate.multistateanalyzer:Done.\n",
      "DEBUG:openmmtools.multistate.multistateanalyzer:Computing free energy differences...\n",
      "DEBUG:openmmtools.multistate.multistateanalyzer:Done.\n",
      "DEBUG:openmmtools.multistate.multistateanalyzer:Computing covariance matrix...\n",
      "DEBUG:openmmtools.multistate.multistateanalyzer:Deltaf_ij:\n",
      "DEBUG:openmmtools.multistate.multistateanalyzer:   0.000   0.165   1.541   2.719   2.352   1.795   5.073   7.896  10.195  11.993  13.333\n",
      "DEBUG:openmmtools.multistate.multistateanalyzer:  -0.165   0.000   1.376   2.554   2.188   1.631   4.908   7.731  10.030  11.828  13.169\n",
      "DEBUG:openmmtools.multistate.multistateanalyzer:  -1.541  -1.376   0.000   1.178   0.812   0.254   3.532   6.355   8.654  10.452  11.792\n",
      "DEBUG:openmmtools.multistate.multistateanalyzer:  -2.719  -2.554  -1.178   0.000  -0.366  -0.924   2.354   5.177   7.476   9.274  10.614\n",
      "DEBUG:openmmtools.multistate.multistateanalyzer:  -2.352  -2.188  -0.812   0.366   0.000  -0.557   2.720   5.543   7.843   9.640  10.981\n",
      "DEBUG:openmmtools.multistate.multistateanalyzer:  -1.795  -1.631  -0.254   0.924   0.557   0.000   3.278   6.101   8.400  10.198  11.538\n",
      "DEBUG:openmmtools.multistate.multistateanalyzer:  -5.073  -4.908  -3.532  -2.354  -2.720  -3.278   0.000   2.823   5.122   6.920   8.260\n",
      "DEBUG:openmmtools.multistate.multistateanalyzer:  -7.896  -7.731  -6.355  -5.177  -5.543  -6.101  -2.823   0.000   2.299   4.097   5.437\n",
      "DEBUG:openmmtools.multistate.multistateanalyzer: -10.195 -10.030  -8.654  -7.476  -7.843  -8.400  -5.122  -2.299   0.000   1.798   3.138\n",
      "DEBUG:openmmtools.multistate.multistateanalyzer: -11.993 -11.828 -10.452  -9.274  -9.640 -10.198  -6.920  -4.097  -1.798   0.000   1.340\n",
      "DEBUG:openmmtools.multistate.multistateanalyzer: -13.333 -13.169 -11.792 -10.614 -10.981 -11.538  -8.260  -5.437  -3.138  -1.340   0.000\n",
      "DEBUG:openmmtools.multistate.multistateanalyzer:dDeltaf_ij:\n",
      "DEBUG:openmmtools.multistate.multistateanalyzer:   0.000   0.039   0.131   0.298   0.323   0.328   0.334   0.349   0.369   0.390   0.411\n",
      "DEBUG:openmmtools.multistate.multistateanalyzer:   0.039   0.000   0.101   0.281   0.307   0.312   0.319   0.334   0.356   0.377   0.399\n",
      "DEBUG:openmmtools.multistate.multistateanalyzer:   0.131   0.101   0.000   0.208   0.239   0.246   0.254   0.273   0.299   0.324   0.349\n",
      "DEBUG:openmmtools.multistate.multistateanalyzer:   0.298   0.281   0.208   0.000   0.043   0.059   0.086   0.132   0.179   0.218   0.254\n",
      "DEBUG:openmmtools.multistate.multistateanalyzer:   0.323   0.307   0.239   0.043   0.000   0.021   0.062   0.116   0.167   0.208   0.246\n",
      "DEBUG:openmmtools.multistate.multistateanalyzer:   0.328   0.312   0.246   0.059   0.021   0.000   0.051   0.108   0.160   0.203   0.241\n",
      "DEBUG:openmmtools.multistate.multistateanalyzer:   0.334   0.319   0.254   0.086   0.062   0.051   0.000   0.061   0.121   0.171   0.214\n",
      "DEBUG:openmmtools.multistate.multistateanalyzer:   0.349   0.334   0.273   0.132   0.116   0.108   0.061   0.000   0.065   0.123   0.176\n",
      "DEBUG:openmmtools.multistate.multistateanalyzer:   0.369   0.356   0.299   0.179   0.167   0.160   0.121   0.065   0.000   0.063   0.127\n",
      "DEBUG:openmmtools.multistate.multistateanalyzer:   0.390   0.377   0.324   0.218   0.208   0.203   0.171   0.123   0.063   0.000   0.072\n",
      "DEBUG:openmmtools.multistate.multistateanalyzer:   0.411   0.399   0.349   0.254   0.246   0.241   0.214   0.176   0.127   0.072   0.000\n",
      "/home/zhangi/miniconda3/envs/perses-sims/lib/python3.7/site-packages/openmmtools/multistate/multistateanalyzer.py:1175: UserWarning: Warning: The openmmtools.multistate API is experimental and may change in future releases\n",
      "  warnings.warn('Warning: The openmmtools.multistate API is experimental and may change in future releases')\n",
      "DEBUG:openmmtools.multistate.multistateanalyzer:Checking if we need to unbias the restraint...\n",
      "DEBUG:openmmtools.multistate.multistateanalyzer:Trying to get radially symmetric restraint data...\n",
      "DEBUG:openmmtools.multistate.multistateanalyzer:Retrieving end thermodynamic states...\n",
      "DEBUG:openmmtools.multistate.multistateanalyzer:Isolating restraint force...\n",
      "DEBUG:openmmtools.multistate.multistateanalyzer:No force of type <class 'openmmtools.forces.RadiallySymmetricRestraintForce'> could be found. The restraint will not be unbiased.\n",
      "DEBUG:openmmtools.multistate.multistateanalyzer:Reading energies...\n",
      "DEBUG:openmmtools.multistate.multistatereporter:read_replica_thermodynamic_states: iteration = [   0    1    2 ... 4998 4999 5000]\n",
      "DEBUG:openmmtools.multistate.multistateanalyzer:Done.\n",
      "DEBUG:openmmtools.multistate.multistateanalyzer:Assembling effective timeseries...\n",
      "DEBUG:openmmtools.multistate.multistateanalyzer:Done.\n",
      "DEBUG:openmmtools.multistate.multistateanalyzer:Could not find t0: None of the requested keys could be found on disk!\n",
      "DEBUG:openmmtools.multistate.multistateanalyzer:Equilibration data:\n",
      "DEBUG:openmmtools.multistate.multistateanalyzer: number of iterations discarded to equilibration : 107\n",
      "DEBUG:openmmtools.multistate.multistateanalyzer: statistical inefficiency of production region   : 1.7515289783477783\n",
      "DEBUG:openmmtools.multistate.multistateanalyzer: effective number of uncorrelated samples        : 54.80925750732422\n",
      "DEBUG:openmmtools.multistate.multistateanalyzer:Assembling uncorrelated energies...\n",
      "DEBUG:openmmtools.multistate.multistateanalyzer:Done.\n",
      "DEBUG:openmmtools.multistate.multistateanalyzer:Computing free energy differences...\n",
      "DEBUG:openmmtools.multistate.multistateanalyzer:Done.\n",
      "DEBUG:openmmtools.multistate.multistateanalyzer:Computing covariance matrix...\n",
      "DEBUG:openmmtools.multistate.multistateanalyzer:Deltaf_ij:\n",
      "DEBUG:openmmtools.multistate.multistateanalyzer:   0.000   0.145   1.467   2.560   2.188   1.621   4.948   7.838  10.210  12.091  13.508\n",
      "DEBUG:openmmtools.multistate.multistateanalyzer:  -0.145   0.000   1.322   2.415   2.043   1.476   4.803   7.694  10.065  11.946  13.364\n",
      "DEBUG:openmmtools.multistate.multistateanalyzer:  -1.467  -1.322   0.000   1.093   0.721   0.154   3.481   6.372   8.743  10.624  12.042\n",
      "DEBUG:openmmtools.multistate.multistateanalyzer:  -2.560  -2.415  -1.093   0.000  -0.372  -0.939   2.388   5.278   7.649   9.530  10.948\n",
      "DEBUG:openmmtools.multistate.multistateanalyzer:  -2.188  -2.043  -0.721   0.372   0.000  -0.567   2.760   5.650   8.021   9.902  11.320\n"
     ]
    },
    {
     "name": "stderr",
     "output_type": "stream",
     "text": [
      "DEBUG:openmmtools.multistate.multistateanalyzer:  -1.621  -1.476  -0.154   0.939   0.567   0.000   3.327   6.217   8.589  10.470  11.887\n",
      "DEBUG:openmmtools.multistate.multistateanalyzer:  -4.948  -4.803  -3.481  -2.388  -2.760  -3.327   0.000   2.891   5.262   7.143   8.561\n",
      "DEBUG:openmmtools.multistate.multistateanalyzer:  -7.838  -7.694  -6.372  -5.278  -5.650  -6.217  -2.891   0.000   2.371   4.252   5.670\n",
      "DEBUG:openmmtools.multistate.multistateanalyzer: -10.210 -10.065  -8.743  -7.649  -8.021  -8.589  -5.262  -2.371   0.000   1.881   3.299\n",
      "DEBUG:openmmtools.multistate.multistateanalyzer: -12.091 -11.946 -10.624  -9.530  -9.902 -10.470  -7.143  -4.252  -1.881   0.000   1.418\n",
      "DEBUG:openmmtools.multistate.multistateanalyzer: -13.508 -13.364 -12.042 -10.948 -11.320 -11.887  -8.561  -5.670  -3.299  -1.418   0.000\n",
      "DEBUG:openmmtools.multistate.multistateanalyzer:dDeltaf_ij:\n",
      "DEBUG:openmmtools.multistate.multistateanalyzer:   0.000   0.031   0.103   0.225   0.245   0.250   0.255   0.267   0.283   0.299   0.317\n",
