{
 "cells": [
  {
   "cell_type": "code",
   "execution_count": 1,
   "metadata": {},
   "outputs": [
    {
     "name": "stderr",
     "output_type": "stream",
     "text": [
      "Warning: importing 'simtk.openmm' is deprecated.  Import 'openmm' instead.\n"
     ]
    }
   ],
   "source": [
    "from perses.analysis import utils\n",
    "from openmmtools.multistate import MultiStateReporter, MultiStateSamplerAnalyzer\n",
    "from simtk import unit\n",
    "import os\n",
    "import itertools\n",
    "from tqdm import tqdm_notebook\n",
    "import pandas as pd\n",
    "import numpy as np\n",
    "import seaborn as sns\n",
    "import matplotlib.pyplot as plt\n",
    "import logging\n",
    "from perses.analysis import utils\n",
    "\n",
    "from openmmtools.constants import kB\n",
    "KT_KCALMOL = kB * 300 * unit.kelvin / unit.kilocalories_per_mole\n",
    "\n",
    "import warnings\n",
    "warnings.filterwarnings('ignore')"
   ]
  },
  {
   "cell_type": "code",
   "execution_count": 2,
   "metadata": {},
   "outputs": [],
   "source": [
    "class MultiStateReporter2(MultiStateReporter):\n",
    "    def read_energies(self, iteration=slice(None)):\n",
    "        \"\"\"Retrieve the energy matrix at the given iteration on the analysis file\n",
    "        Parameters\n",
    "        ----------\n",
    "        iteration : int or slice\n",
    "            The iteration(s) at which to read the data. The slice(None) allows fetching all iterations at once.\n",
    "        Returns\n",
    "        -------\n",
    "        energy_thermodynamic_states : n_replicas x n_states numpy.ndarray\n",
    "            ``energy_thermodynamic_states[iteration, i, j]`` is the reduced potential computed at\n",
    "            SamplerState ``sampler_states[iteration, i]`` and ThermodynamicState ``thermodynamic_states[iteration, j]``.\n",
    "        energy_neighborhoods : n_replicas x n_states numpy.ndarray\n",
    "            energy_neighborhoods[replica_index, state_index] is 1 if the energy was computed for this state,\n",
    "            0 otherwise\n",
    "        energy_unsampled_states : n_replicas x n_unsampled_states numpy.ndarray\n",
    "            ``energy_unsampled_states[iteration, i, j]`` is the reduced potential computed at SamplerState\n",
    "            ``sampler_states[iteration, i]`` and ThermodynamicState ``unsampled_thermodynamic_states[iteration, j]``.\n",
    "        \"\"\"\n",
    "        # Determine last consistent iteration\n",
    "        iteration = self._map_iteration_to_good(iteration)\n",
    "        # Retrieve energies at all thermodynamic states\n",
    "        energy_thermodynamic_states = np.array(self._storage_analysis.variables['energies'][iteration, :, :], np.float64)\n",
    "        # Retrieve neighborhoods, assuming global neighborhoods if reading a pre-neighborhoods file\n",
    "        try:\n",
    "            energy_neighborhoods = np.array(self._storage_analysis.variables['neighborhoods'][iteration, :, :], 'i1')\n",
    "        except KeyError:\n",
    "            energy_neighborhoods = np.ones(energy_thermodynamic_states.shape, 'i1')\n",
    "        # Read energies at unsampled states, if present\n",
    "#         try:\n",
    "#             energy_unsampled_states = np.array(self._storage_analysis.variables['unsampled_energies'][iteration, :, :], np.float64)\n",
    "#         except KeyError:\n",
    "#             # There are no unsampled thermodynamic states.\n",
    "        unsampled_shape = energy_thermodynamic_states.shape[:-1] + (0,)\n",
    "        energy_unsampled_states = np.zeros(unsampled_shape)\n",
    "        return energy_thermodynamic_states, energy_neighborhoods, energy_unsampled_states\n"
   ]
  },
  {
   "cell_type": "code",
   "execution_count": 3,
   "metadata": {},
   "outputs": [],
   "source": [
    "# Given a path, get dg and ddg\n",
    "def analyze(path):\n",
    "    reporter = MultiStateReporter(path)\n",
    "    analyzer = MultiStateSamplerAnalyzer(reporter)\n",
    "    f_ij, df_ij = analyzer.get_free_energy()\n",
    "    f = f_ij[0,-1] # units = kT\n",
    "#     f = f_ij[0,-1] * analyzer.kT\n",
    "#     dg = f.in_units_of(unit.kilocalories_per_mole)\n",
    "    df = df_ij[0, -1]\n",
    "#     df = df_ij[0, -1] * analyzer.kT\n",
    "#     ddg = df.in_units_of(unit.kilocalories_per_mole)\n",
    "    return f, df\n",
    "\n",
    "def analyze_dom(path):\n",
    "    reporter = MultiStateReporter2(path)\n",
    "    ncfile = utils.open_netcdf(path)\n",
    "    n_iterations = ncfile.variables['last_iteration'][0]\n",
    "    print(f\"n_iterations: {n_iterations}\")\n",
    "    dg, ddg = list(), list()\n",
    "#     iterations_to_analyze = list(range (1, n_iterations, 500)) + [int(n_iterations-1)]\n",
    "    iterations_to_analyze = range(1, n_iterations, 100)\n",
    "    print(list(iterations_to_analyze)) # check that this is giving me the last avail iteration\n",
    "    for step in iterations_to_analyze: \n",
    "        analyzer = MultiStateSamplerAnalyzer(reporter, max_n_iterations=step)\n",
    "        f_ij, df_ij = analyzer.get_free_energy()\n",
    "        dg.append(f_ij[0,-1])\n",
    "        ddg.append(df_ij[0,-1])\n",
    "    # Get final free energy\n",
    "    analyzer = MultiStateSamplerAnalyzer(reporter, max_n_iterations=n_iterations)\n",
    "    f_ij, df_ij = analyzer.get_free_energy()\n",
    "    print(\"Neff: \", analyzer.mbar.computeEffectiveSampleNumber())\n",
    "    dg.append(f_ij[0,-1])\n",
    "    ddg.append(df_ij[0,-1])\n",
    "    return np.array(dg), np.array(ddg), f_ij, df_ij"
   ]
  },
  {
   "cell_type": "markdown",
   "metadata": {},
   "source": [
    "### 1 ns ala -> thr dipeptide in solvent (repex/32/3/0)"
   ]
  },
  {
   "cell_type": "code",
   "execution_count": 4,
   "metadata": {},
   "outputs": [],
   "source": [
    "_logger = logging.getLogger()\n",
    "_logger.setLevel(logging.INFO)"
   ]
  },
  {
   "cell_type": "code",
   "execution_count": 5,
   "metadata": {},
   "outputs": [],
   "source": [
    "main_dir = 32\n",
    "sub_dir = 3\n",
    "chunk = 0\n",
    "titles = ['ALA->THR']"
   ]
  },
  {
   "cell_type": "code",
   "execution_count": 6,
   "metadata": {
    "scrolled": true
   },
   "outputs": [
    {
     "name": "stderr",
     "output_type": "stream",
     "text": [
      "Warning: The openmmtools.multistate API is experimental and may change in future releases\n",
      "Warning: The openmmtools.multistate API is experimental and may change in future releases\n"
     ]
    },
    {
     "name": "stdout",
     "output_type": "stream",
     "text": [
      "analyzing apo\n",
      "n_iterations: 5000\n",
      "[1, 101, 201, 301, 401, 501, 601, 701, 801, 901, 1001, 1101, 1201, 1301, 1401, 1501, 1601, 1701, 1801, 1901, 2001, 2101, 2201, 2301, 2401, 2501, 2601, 2701, 2801, 2901, 3001, 3101, 3201, 3301, 3401, 3501, 3601, 3701, 3801, 3901, 4001, 4101, 4201, 4301, 4401, 4501, 4601, 4701, 4801, 4901]\n"
     ]
    },
    {
     "name": "stderr",
     "output_type": "stream",
     "text": [
      "DEBUG:openmmtools.multistate.multistateanalyzer:Isolating restraint force...\n",
      "DEBUG:openmmtools.multistate.multistateanalyzer:No force of type <class 'openmmtools.forces.RadiallySymmetricRestraintForce'> could be found. The restraint will not be unbiased.\n",
      "DEBUG:openmmtools.multistate.multistateanalyzer:Reading energies...\n",
      "DEBUG:openmmtools.multistate.multistatereporter:read_replica_thermodynamic_states: iteration = [   0    1    2 ... 4998 4999 5000]\n",
      "DEBUG:openmmtools.multistate.multistateanalyzer:Done.\n",
      "DEBUG:openmmtools.multistate.multistateanalyzer:Assembling effective timeseries...\n",
      "DEBUG:openmmtools.multistate.multistateanalyzer:Done.\n",
      "DEBUG:openmmtools.multistate.multistateanalyzer:Could not find t0: None of the requested keys could be found on disk!\n",
      "DEBUG:openmmtools.multistate.multistateanalyzer:Equilibration data:\n",
      "DEBUG:openmmtools.multistate.multistateanalyzer: number of iterations discarded to equilibration : 1\n",
      "DEBUG:openmmtools.multistate.multistateanalyzer: statistical inefficiency of production region   : 1\n",
      "DEBUG:openmmtools.multistate.multistateanalyzer: effective number of uncorrelated samples        : 1\n",
      "DEBUG:openmmtools.multistate.multistateanalyzer:Assembling uncorrelated energies...\n",
      "DEBUG:openmmtools.multistate.multistateanalyzer:Done.\n",
      "DEBUG:openmmtools.multistate.multistateanalyzer:Computing free energy differences...\n",
      "DEBUG:openmmtools.multistate.multistateanalyzer:Done.\n",
      "DEBUG:openmmtools.multistate.multistateanalyzer:Computing covariance matrix...\n",
      "DEBUG:openmmtools.multistate.multistateanalyzer:Deltaf_ij:\n",
      "DEBUG:openmmtools.multistate.multistateanalyzer:   0.000   0.000   2.486   3.865   3.892   2.460  -0.489  -4.985 -11.022 -18.574 -27.619 -38.128\n",
      "DEBUG:openmmtools.multistate.multistateanalyzer:   0.000   0.000   2.486   3.865   3.892   2.460  -0.489  -4.985 -11.022 -18.574 -27.619 -38.128\n",
      "DEBUG:openmmtools.multistate.multistateanalyzer:  -2.486  -2.486   0.000   1.378   1.406  -0.026  -2.976  -7.472 -13.508 -21.061 -30.105 -40.615\n",
      "DEBUG:openmmtools.multistate.multistateanalyzer:  -3.865  -3.865  -1.378   0.000   0.028  -1.404  -4.354  -8.850 -14.887 -22.439 -31.483 -41.993\n",
      "DEBUG:openmmtools.multistate.multistateanalyzer:  -3.892  -3.892  -1.406  -0.028   0.000  -1.432  -4.382  -8.878 -14.914 -22.467 -31.511 -42.021\n",
      "DEBUG:openmmtools.multistate.multistateanalyzer:  -2.460  -2.460   0.026   1.404   1.432   0.000  -2.950  -7.446 -13.482 -21.035 -30.079 -40.589\n",
      "DEBUG:openmmtools.multistate.multistateanalyzer:   0.489   0.489   2.976   4.354   4.382   2.950   0.000  -4.496 -10.533 -18.085 -27.129 -37.639\n",
      "DEBUG:openmmtools.multistate.multistateanalyzer:   4.985   4.985   7.472   8.850   8.878   7.446   4.496   0.000  -6.037 -13.589 -22.633 -33.143\n",
      "DEBUG:openmmtools.multistate.multistateanalyzer:  11.022  11.022  13.508  14.887  14.914  13.482  10.533   6.037   0.000  -7.552 -16.597 -27.106\n",
      "DEBUG:openmmtools.multistate.multistateanalyzer:  18.574  18.574  21.061  22.439  22.467  21.035  18.085  13.589   7.552   0.000  -9.044 -19.554\n",
      "DEBUG:openmmtools.multistate.multistateanalyzer:  27.619  27.619  30.105  31.483  31.511  30.079  27.129  22.633  16.597   9.044   0.000 -10.510\n",
      "DEBUG:openmmtools.multistate.multistateanalyzer:  38.128  38.128  40.615  41.993  42.021  40.589  37.639  33.143  27.106  19.554  10.510   0.000\n",
      "DEBUG:openmmtools.multistate.multistateanalyzer:dDeltaf_ij:\n",
      "DEBUG:openmmtools.multistate.multistateanalyzer:   0.000   0.000   0.754   0.844   0.934   1.011   1.086   1.163   1.230   1.280   1.319   1.350\n",
      "DEBUG:openmmtools.multistate.multistateanalyzer:   0.000   0.000   0.754   0.844   0.934   1.011   1.086   1.163   1.230   1.280   1.319   1.350\n",
      "DEBUG:openmmtools.multistate.multistateanalyzer:   0.754   0.754   0.000   0.208   0.372   0.506   0.634   0.755   0.854   0.925   0.977   1.020\n",
      "DEBUG:openmmtools.multistate.multistateanalyzer:   0.844   0.844   0.208   0.000   0.172   0.325   0.477   0.619   0.732   0.812   0.871   0.918\n",
      "DEBUG:openmmtools.multistate.multistateanalyzer:   0.934   0.934   0.372   0.172   0.000   0.164   0.333   0.489   0.612   0.700   0.765   0.817\n",
      "DEBUG:openmmtools.multistate.multistateanalyzer:   1.011   1.011   0.506   0.325   0.164   0.000   0.175   0.340   0.470   0.565   0.636   0.695\n",
      "DEBUG:openmmtools.multistate.multistateanalyzer:   1.086   1.086   0.634   0.477   0.333   0.175   0.000   0.168   0.304   0.405   0.485   0.552\n",
      "DEBUG:openmmtools.multistate.multistateanalyzer:   1.163   1.163   0.755   0.619   0.489   0.340   0.168   0.000   0.139   0.247   0.334   0.410\n",
      "DEBUG:openmmtools.multistate.multistateanalyzer:   1.230   1.230   0.854   0.732   0.612   0.470   0.304   0.139   0.000   0.111   0.205   0.289\n",
      "DEBUG:openmmtools.multistate.multistateanalyzer:   1.280   1.280   0.925   0.812   0.700   0.565   0.405   0.247   0.111   0.000   0.096   0.185\n",
      "DEBUG:openmmtools.multistate.multistateanalyzer:   1.319   1.319   0.977   0.871   0.765   0.636   0.485   0.334   0.205   0.096   0.000   0.090\n",
      "DEBUG:openmmtools.multistate.multistateanalyzer:   1.350   1.350   1.020   0.918   0.817   0.695   0.552   0.410   0.289   0.185   0.090   0.000\n",
      "WARNING:openmmtools.multistate.multistateanalyzer:Warning: The openmmtools.multistate API is experimental and may change in future releases\n",
      "DEBUG:openmmtools.multistate.multistateanalyzer:Checking if we need to unbias the restraint...\n",
      "DEBUG:openmmtools.multistate.multistateanalyzer:Trying to get radially symmetric restraint data...\n",
      "DEBUG:openmmtools.multistate.multistateanalyzer:Retrieving end thermodynamic states...\n",
      "DEBUG:openmmtools.multistate.multistateanalyzer:Isolating restraint force...\n",
      "DEBUG:openmmtools.multistate.multistateanalyzer:No force of type <class 'openmmtools.forces.RadiallySymmetricRestraintForce'> could be found. The restraint will not be unbiased.\n",
      "DEBUG:openmmtools.multistate.multistateanalyzer:Reading energies...\n",
      "DEBUG:openmmtools.multistate.multistatereporter:read_replica_thermodynamic_states: iteration = [   0    1    2 ... 4998 4999 5000]\n",
      "DEBUG:openmmtools.multistate.multistateanalyzer:Done.\n",
      "DEBUG:openmmtools.multistate.multistateanalyzer:Assembling effective timeseries...\n",
      "DEBUG:openmmtools.multistate.multistateanalyzer:Done.\n",
      "DEBUG:openmmtools.multistate.multistateanalyzer:Could not find t0: None of the requested keys could be found on disk!\n",
      "DEBUG:openmmtools.multistate.multistateanalyzer:Equilibration data:\n",
      "DEBUG:openmmtools.multistate.multistateanalyzer: number of iterations discarded to equilibration : 3\n",
      "DEBUG:openmmtools.multistate.multistateanalyzer: statistical inefficiency of production region   : 2.14717435836792\n",
      "DEBUG:openmmtools.multistate.multistateanalyzer: effective number of uncorrelated samples        : 46.572837829589844\n",
      "DEBUG:openmmtools.multistate.multistateanalyzer:Assembling uncorrelated energies...\n",
      "DEBUG:openmmtools.multistate.multistateanalyzer:Done.\n",
      "DEBUG:openmmtools.multistate.multistateanalyzer:Computing free energy differences...\n",
      "DEBUG:openmmtools.multistate.multistateanalyzer:Done.\n",
      "DEBUG:openmmtools.multistate.multistateanalyzer:Computing covariance matrix...\n",
      "DEBUG:openmmtools.multistate.multistateanalyzer:Deltaf_ij:\n",
      "DEBUG:openmmtools.multistate.multistateanalyzer:   0.000   0.000   4.748   6.428   6.567   5.137   2.097  -2.604  -9.009 -17.151 -27.043 -38.663\n",
      "DEBUG:openmmtools.multistate.multistateanalyzer:   0.000   0.000   4.748   6.428   6.567   5.137   2.097  -2.604  -9.009 -17.151 -27.043 -38.663\n",
      "DEBUG:openmmtools.multistate.multistateanalyzer:  -4.748  -4.748   0.000   1.680   1.818   0.389  -2.652  -7.352 -13.757 -21.900 -31.791 -43.411\n",
      "DEBUG:openmmtools.multistate.multistateanalyzer:  -6.428  -6.428  -1.680   0.000   0.138  -1.291  -4.332  -9.032 -15.438 -23.580 -33.471 -45.091\n",
      "DEBUG:openmmtools.multistate.multistateanalyzer:  -6.567  -6.567  -1.818  -0.138   0.000  -1.430  -4.470  -9.171 -15.576 -23.718 -33.609 -45.230\n",
      "DEBUG:openmmtools.multistate.multistateanalyzer:  -5.137  -5.137  -0.389   1.291   1.430   0.000  -3.040  -7.741 -14.146 -22.288 -32.179 -43.800\n",
      "DEBUG:openmmtools.multistate.multistateanalyzer:  -2.097  -2.097   2.652   4.332   4.470   3.040   0.000  -4.701 -11.106 -19.248 -29.139 -40.760\n",
      "DEBUG:openmmtools.multistate.multistateanalyzer:   2.604   2.604   7.352   9.032   9.171   7.741   4.701   0.000  -6.405 -14.547 -24.439 -36.059\n"
     ]
    },
    {
     "name": "stderr",
     "output_type": "stream",
     "text": [
      "DEBUG:openmmtools.multistate.multistateanalyzer:   9.009   9.009  13.757  15.438  15.576  14.146  11.106   6.405   0.000  -8.142 -18.033 -29.654\n",
      "DEBUG:openmmtools.multistate.multistateanalyzer:  17.151  17.151  21.900  23.580  23.718  22.288  19.248  14.547   8.142   0.000  -9.891 -21.512\n",
      "DEBUG:openmmtools.multistate.multistateanalyzer:  27.043  27.043  31.791  33.471  33.609  32.179  29.139  24.439  18.033   9.891   0.000 -11.621\n",
      "DEBUG:openmmtools.multistate.multistateanalyzer:  38.663  38.663  43.411  45.091  45.230  43.800  40.760  36.059  29.654  21.512  11.621   0.000\n",
      "DEBUG:openmmtools.multistate.multistateanalyzer:dDeltaf_ij:\n",
      "DEBUG:openmmtools.multistate.multistateanalyzer:   0.000   0.000   0.289   0.323   0.339   0.350   0.359   0.368   0.376   0.385   0.395   0.406\n",
      "DEBUG:openmmtools.multistate.multistateanalyzer:   0.000   0.000   0.289   0.323   0.339   0.350   0.359   0.368   0.376   0.385   0.395   0.406\n",
      "DEBUG:openmmtools.multistate.multistateanalyzer:   0.289   0.289   0.000   0.068   0.107   0.134   0.155   0.175   0.193   0.210   0.227   0.245\n",
      "DEBUG:openmmtools.multistate.multistateanalyzer:   0.323   0.323   0.068   0.000   0.045   0.080   0.109   0.134   0.157   0.178   0.197   0.218\n",
      "DEBUG:openmmtools.multistate.multistateanalyzer:   0.339   0.339   0.107   0.045   0.000   0.038   0.072   0.103   0.130   0.154   0.176   0.199\n",
      "DEBUG:openmmtools.multistate.multistateanalyzer:   0.350   0.350   0.134   0.080   0.038   0.000   0.037   0.071   0.103   0.130   0.155   0.182\n",
      "DEBUG:openmmtools.multistate.multistateanalyzer:   0.359   0.359   0.155   0.109   0.072   0.037   0.000   0.037   0.072   0.104   0.133   0.162\n",
      "DEBUG:openmmtools.multistate.multistateanalyzer:   0.368   0.368   0.175   0.134   0.103   0.071   0.037   0.000   0.037   0.073   0.106   0.141\n",
      "DEBUG:openmmtools.multistate.multistateanalyzer:   0.376   0.376   0.193   0.157   0.130   0.103   0.072   0.037   0.000   0.038   0.076   0.115\n",
      "DEBUG:openmmtools.multistate.multistateanalyzer:   0.385   0.385   0.210   0.178   0.154   0.130   0.104   0.073   0.038   0.000   0.041   0.086\n",
      "DEBUG:openmmtools.multistate.multistateanalyzer:   0.395   0.395   0.227   0.197   0.176   0.155   0.133   0.106   0.076   0.041   0.000   0.049\n",
      "DEBUG:openmmtools.multistate.multistateanalyzer:   0.406   0.406   0.245   0.218   0.199   0.182   0.162   0.141   0.115   0.086   0.049   0.000\n",
      "WARNING:openmmtools.multistate.multistateanalyzer:Warning: The openmmtools.multistate API is experimental and may change in future releases\n",
      "DEBUG:openmmtools.multistate.multistateanalyzer:Checking if we need to unbias the restraint...\n",
      "DEBUG:openmmtools.multistate.multistateanalyzer:Trying to get radially symmetric restraint data...\n",
      "DEBUG:openmmtools.multistate.multistateanalyzer:Retrieving end thermodynamic states...\n",
      "DEBUG:openmmtools.multistate.multistateanalyzer:Isolating restraint force...\n",
      "DEBUG:openmmtools.multistate.multistateanalyzer:No force of type <class 'openmmtools.forces.RadiallySymmetricRestraintForce'> could be found. The restraint will not be unbiased.\n",
      "DEBUG:openmmtools.multistate.multistateanalyzer:Reading energies...\n",
      "DEBUG:openmmtools.multistate.multistatereporter:read_replica_thermodynamic_states: iteration = [   0    1    2 ... 4998 4999 5000]\n",
      "DEBUG:openmmtools.multistate.multistateanalyzer:Done.\n",
      "DEBUG:openmmtools.multistate.multistateanalyzer:Assembling effective timeseries...\n",
      "DEBUG:openmmtools.multistate.multistateanalyzer:Done.\n",
      "DEBUG:openmmtools.multistate.multistateanalyzer:Could not find t0: None of the requested keys could be found on disk!\n",
      "DEBUG:openmmtools.multistate.multistateanalyzer:Equilibration data:\n",
      "DEBUG:openmmtools.multistate.multistateanalyzer: number of iterations discarded to equilibration : 3\n",
      "DEBUG:openmmtools.multistate.multistateanalyzer: statistical inefficiency of production region   : 2.5038981437683105\n",
      "DEBUG:openmmtools.multistate.multistateanalyzer: effective number of uncorrelated samples        : 79.87545013427734\n",
      "DEBUG:openmmtools.multistate.multistateanalyzer:Assembling uncorrelated energies...\n",
      "DEBUG:openmmtools.multistate.multistateanalyzer:Done.\n",
      "DEBUG:openmmtools.multistate.multistateanalyzer:Computing free energy differences...\n",
      "DEBUG:openmmtools.multistate.multistateanalyzer:Done.\n",
      "DEBUG:openmmtools.multistate.multistateanalyzer:Computing covariance matrix...\n",
      "DEBUG:openmmtools.multistate.multistateanalyzer:Deltaf_ij:\n",
      "DEBUG:openmmtools.multistate.multistateanalyzer:   0.000   0.000   4.552   6.129   6.230   4.778   1.719  -2.983  -9.372 -17.495 -27.369 -38.947\n",
      "DEBUG:openmmtools.multistate.multistateanalyzer:   0.000   0.000   4.552   6.129   6.230   4.778   1.719  -2.983  -9.372 -17.495 -27.369 -38.947\n",
      "DEBUG:openmmtools.multistate.multistateanalyzer:  -4.552  -4.552   0.000   1.577   1.678   0.226  -2.833  -7.535 -13.924 -22.046 -31.921 -43.499\n",
      "DEBUG:openmmtools.multistate.multistateanalyzer:  -6.129  -6.129  -1.577   0.000   0.101  -1.351  -4.409  -9.112 -15.501 -23.623 -33.498 -45.075\n",
      "DEBUG:openmmtools.multistate.multistateanalyzer:  -6.230  -6.230  -1.678  -0.101   0.000  -1.452  -4.510  -9.213 -15.602 -23.724 -33.599 -45.176\n",
      "DEBUG:openmmtools.multistate.multistateanalyzer:  -4.778  -4.778  -0.226   1.351   1.452   0.000  -3.059  -7.761 -14.150 -22.272 -32.147 -43.724\n",
      "DEBUG:openmmtools.multistate.multistateanalyzer:  -1.719  -1.719   2.833   4.409   4.510   3.059   0.000  -4.702 -11.091 -19.214 -29.088 -40.666\n",
      "DEBUG:openmmtools.multistate.multistateanalyzer:   2.983   2.983   7.535   9.112   9.213   7.761   4.702   0.000  -6.389 -14.511 -24.386 -35.963\n",
      "DEBUG:openmmtools.multistate.multistateanalyzer:   9.372   9.372  13.924  15.501  15.602  14.150  11.091   6.389   0.000  -8.122 -17.997 -29.575\n",
      "DEBUG:openmmtools.multistate.multistateanalyzer:  17.495  17.495  22.046  23.623  23.724  22.272  19.214  14.511   8.122   0.000  -9.874 -21.452\n",
      "DEBUG:openmmtools.multistate.multistateanalyzer:  27.369  27.369  31.921  33.498  33.599  32.147  29.088  24.386  17.997   9.874   0.000 -11.578\n",
      "DEBUG:openmmtools.multistate.multistateanalyzer:  38.947  38.947  43.499  45.075  45.176  43.724  40.666  35.963  29.575  21.452  11.578   0.000\n",
      "DEBUG:openmmtools.multistate.multistateanalyzer:dDeltaf_ij:\n",
      "DEBUG:openmmtools.multistate.multistateanalyzer:   0.000   0.000   0.228   0.250   0.260   0.268   0.275   0.281   0.287   0.294   0.301   0.309\n",
      "DEBUG:openmmtools.multistate.multistateanalyzer:   0.000   0.000   0.228   0.250   0.260   0.268   0.275   0.281   0.287   0.294   0.301   0.309\n",
      "DEBUG:openmmtools.multistate.multistateanalyzer:   0.228   0.228   0.000   0.044   0.072   0.094   0.112   0.126   0.140   0.153   0.167   0.180\n",
      "DEBUG:openmmtools.multistate.multistateanalyzer:   0.250   0.250   0.044   0.000   0.032   0.059   0.081   0.100   0.116   0.132   0.148   0.163\n",
      "DEBUG:openmmtools.multistate.multistateanalyzer:   0.260   0.260   0.072   0.032   0.000   0.029   0.054   0.076   0.096   0.114   0.132   0.149\n",
      "DEBUG:openmmtools.multistate.multistateanalyzer:   0.268   0.268   0.094   0.059   0.029   0.000   0.027   0.051   0.075   0.096   0.117   0.135\n",
      "DEBUG:openmmtools.multistate.multistateanalyzer:   0.275   0.275   0.112   0.081   0.054   0.027   0.000   0.026   0.052   0.077   0.100   0.121\n",
      "DEBUG:openmmtools.multistate.multistateanalyzer:   0.281   0.281   0.126   0.100   0.076   0.051   0.026   0.000   0.028   0.056   0.082   0.106\n",
      "DEBUG:openmmtools.multistate.multistateanalyzer:   0.287   0.287   0.140   0.116   0.096   0.075   0.052   0.028   0.000   0.030   0.059   0.086\n",
      "DEBUG:openmmtools.multistate.multistateanalyzer:   0.294   0.294   0.153   0.132   0.114   0.096   0.077   0.056   0.030   0.000   0.031   0.062\n",
      "DEBUG:openmmtools.multistate.multistateanalyzer:   0.301   0.301   0.167   0.148   0.132   0.117   0.100   0.082   0.059   0.031   0.000   0.033\n",
      "DEBUG:openmmtools.multistate.multistateanalyzer:   0.309   0.309   0.180   0.163   0.149   0.135   0.121   0.106   0.086   0.062   0.033   0.000\n",
      "WARNING:openmmtools.multistate.multistateanalyzer:Warning: The openmmtools.multistate API is experimental and may change in future releases\n",
      "DEBUG:openmmtools.multistate.multistateanalyzer:Checking if we need to unbias the restraint...\n",
      "DEBUG:openmmtools.multistate.multistateanalyzer:Trying to get radially symmetric restraint data...\n"
     ]
    },
    {
     "name": "stderr",
     "output_type": "stream",
     "text": [
      "DEBUG:openmmtools.multistate.multistateanalyzer:Retrieving end thermodynamic states...\n",
      "DEBUG:openmmtools.multistate.multistateanalyzer:Isolating restraint force...\n",
      "DEBUG:openmmtools.multistate.multistateanalyzer:No force of type <class 'openmmtools.forces.RadiallySymmetricRestraintForce'> could be found. The restraint will not be unbiased.\n",
      "DEBUG:openmmtools.multistate.multistateanalyzer:Reading energies...\n",
      "DEBUG:openmmtools.multistate.multistatereporter:read_replica_thermodynamic_states: iteration = [   0    1    2 ... 4998 4999 5000]\n",
      "DEBUG:openmmtools.multistate.multistateanalyzer:Done.\n",
      "DEBUG:openmmtools.multistate.multistateanalyzer:Assembling effective timeseries...\n",
      "DEBUG:openmmtools.multistate.multistateanalyzer:Done.\n",
      "DEBUG:openmmtools.multistate.multistateanalyzer:Could not find t0: None of the requested keys could be found on disk!\n",
      "DEBUG:openmmtools.multistate.multistateanalyzer:Equilibration data:\n",
      "DEBUG:openmmtools.multistate.multistateanalyzer: number of iterations discarded to equilibration : 1\n",
      "DEBUG:openmmtools.multistate.multistateanalyzer: statistical inefficiency of production region   : 2.8520145416259766\n",
      "DEBUG:openmmtools.multistate.multistateanalyzer: effective number of uncorrelated samples        : 105.89006042480469\n",
      "DEBUG:openmmtools.multistate.multistateanalyzer:Assembling uncorrelated energies...\n",
      "DEBUG:openmmtools.multistate.multistateanalyzer:Done.\n",
      "DEBUG:openmmtools.multistate.multistateanalyzer:Computing free energy differences...\n",
      "DEBUG:openmmtools.multistate.multistateanalyzer:Done.\n",
      "DEBUG:openmmtools.multistate.multistateanalyzer:Computing covariance matrix...\n",
      "DEBUG:openmmtools.multistate.multistateanalyzer:Deltaf_ij:\n",
      "DEBUG:openmmtools.multistate.multistateanalyzer:   0.000   0.000   4.539   6.128   6.216   4.740   1.663  -3.045  -9.422 -17.516 -27.350 -38.895\n",
      "DEBUG:openmmtools.multistate.multistateanalyzer:   0.000   0.000   4.539   6.128   6.216   4.740   1.663  -3.045  -9.422 -17.516 -27.350 -38.895\n",
      "DEBUG:openmmtools.multistate.multistateanalyzer:  -4.539  -4.539   0.000   1.589   1.677   0.201  -2.876  -7.583 -13.961 -22.055 -31.889 -43.433\n",
      "DEBUG:openmmtools.multistate.multistateanalyzer:  -6.128  -6.128  -1.589   0.000   0.088  -1.388  -4.465  -9.173 -15.550 -23.644 -33.478 -45.022\n",
      "DEBUG:openmmtools.multistate.multistateanalyzer:  -6.216  -6.216  -1.677  -0.088   0.000  -1.476  -4.553  -9.261 -15.638 -23.732 -33.566 -45.111\n",
      "DEBUG:openmmtools.multistate.multistateanalyzer:  -4.740  -4.740  -0.201   1.388   1.476   0.000  -3.077  -7.784 -14.162 -22.256 -32.090 -43.634\n",
      "DEBUG:openmmtools.multistate.multistateanalyzer:  -1.663  -1.663   2.876   4.465   4.553   3.077   0.000  -4.707 -11.085 -19.179 -29.013 -40.557\n",
      "DEBUG:openmmtools.multistate.multistateanalyzer:   3.045   3.045   7.583   9.173   9.261   7.784   4.707   0.000  -6.378 -14.471 -24.306 -35.850\n",
      "DEBUG:openmmtools.multistate.multistateanalyzer:   9.422   9.422  13.961  15.550  15.638  14.162  11.085   6.378   0.000  -8.094 -17.928 -29.472\n",
      "DEBUG:openmmtools.multistate.multistateanalyzer:  17.516  17.516  22.055  23.644  23.732  22.256  19.179  14.471   8.094   0.000  -9.834 -21.379\n",
      "DEBUG:openmmtools.multistate.multistateanalyzer:  27.350  27.350  31.889  33.478  33.566  32.090  29.013  24.306  17.928   9.834   0.000 -11.544\n",
      "DEBUG:openmmtools.multistate.multistateanalyzer:  38.895  38.895  43.433  45.022  45.111  43.634  40.557  35.850  29.472  21.379  11.544   0.000\n",
      "DEBUG:openmmtools.multistate.multistateanalyzer:dDeltaf_ij:\n",
      "DEBUG:openmmtools.multistate.multistateanalyzer:   0.000   0.000   0.198   0.217   0.226   0.233   0.239   0.244   0.249   0.254   0.260   0.267\n",
      "DEBUG:openmmtools.multistate.multistateanalyzer:   0.000   0.000   0.198   0.217   0.226   0.233   0.239   0.244   0.249   0.254   0.260   0.267\n",
      "DEBUG:openmmtools.multistate.multistateanalyzer:   0.198   0.198   0.000   0.040   0.066   0.084   0.098   0.110   0.121   0.132   0.144   0.156\n",
      "DEBUG:openmmtools.multistate.multistateanalyzer:   0.217   0.217   0.040   0.000   0.029   0.052   0.070   0.085   0.099   0.112   0.125   0.139\n",
      "DEBUG:openmmtools.multistate.multistateanalyzer:   0.226   0.226   0.066   0.029   0.000   0.025   0.046   0.064   0.080   0.096   0.111   0.126\n",
      "DEBUG:openmmtools.multistate.multistateanalyzer:   0.233   0.233   0.084   0.052   0.025   0.000   0.022   0.043   0.062   0.080   0.098   0.115\n",
      "DEBUG:openmmtools.multistate.multistateanalyzer:   0.239   0.239   0.098   0.070   0.046   0.022   0.000   0.022   0.043   0.064   0.084   0.104\n",
      "DEBUG:openmmtools.multistate.multistateanalyzer:   0.244   0.244   0.110   0.085   0.064   0.043   0.022   0.000   0.023   0.046   0.069   0.091\n",
      "DEBUG:openmmtools.multistate.multistateanalyzer:   0.249   0.249   0.121   0.099   0.080   0.062   0.043   0.023   0.000   0.025   0.050   0.075\n",
      "DEBUG:openmmtools.multistate.multistateanalyzer:   0.254   0.254   0.132   0.112   0.096   0.080   0.064   0.046   0.025   0.000   0.027   0.055\n",
      "DEBUG:openmmtools.multistate.multistateanalyzer:   0.260   0.260   0.144   0.125   0.111   0.098   0.084   0.069   0.050   0.027   0.000   0.030\n",
      "DEBUG:openmmtools.multistate.multistateanalyzer:   0.267   0.267   0.156   0.139   0.126   0.115   0.104   0.091   0.075   0.055   0.030   0.000\n",
      "WARNING:openmmtools.multistate.multistateanalyzer:Warning: The openmmtools.multistate API is experimental and may change in future releases\n",
      "DEBUG:openmmtools.multistate.multistateanalyzer:Checking if we need to unbias the restraint...\n",
      "DEBUG:openmmtools.multistate.multistateanalyzer:Trying to get radially symmetric restraint data...\n",
      "DEBUG:openmmtools.multistate.multistateanalyzer:Retrieving end thermodynamic states...\n",
      "DEBUG:openmmtools.multistate.multistateanalyzer:Isolating restraint force...\n",
      "DEBUG:openmmtools.multistate.multistateanalyzer:No force of type <class 'openmmtools.forces.RadiallySymmetricRestraintForce'> could be found. The restraint will not be unbiased.\n",
      "DEBUG:openmmtools.multistate.multistateanalyzer:Reading energies...\n",
      "DEBUG:openmmtools.multistate.multistatereporter:read_replica_thermodynamic_states: iteration = [   0    1    2 ... 4998 4999 5000]\n",
      "DEBUG:openmmtools.multistate.multistateanalyzer:Done.\n",
      "DEBUG:openmmtools.multistate.multistateanalyzer:Assembling effective timeseries...\n",
      "DEBUG:openmmtools.multistate.multistateanalyzer:Done.\n",
      "DEBUG:openmmtools.multistate.multistateanalyzer:Could not find t0: None of the requested keys could be found on disk!\n",
      "DEBUG:openmmtools.multistate.multistateanalyzer:Equilibration data:\n",
      "DEBUG:openmmtools.multistate.multistateanalyzer: number of iterations discarded to equilibration : 1\n",
      "DEBUG:openmmtools.multistate.multistateanalyzer: statistical inefficiency of production region   : 2.8878324031829834\n",
      "DEBUG:openmmtools.multistate.multistateanalyzer: effective number of uncorrelated samples        : 139.2047576904297\n",
      "DEBUG:openmmtools.multistate.multistateanalyzer:Assembling uncorrelated energies...\n",
      "DEBUG:openmmtools.multistate.multistateanalyzer:Done.\n",
      "DEBUG:openmmtools.multistate.multistateanalyzer:Computing free energy differences...\n",
      "DEBUG:openmmtools.multistate.multistateanalyzer:Done.\n",
      "DEBUG:openmmtools.multistate.multistateanalyzer:Computing covariance matrix...\n",
      "DEBUG:openmmtools.multistate.multistateanalyzer:Deltaf_ij:\n",
      "DEBUG:openmmtools.multistate.multistateanalyzer:   0.000   0.000   4.311   5.919   6.002   4.515   1.426  -3.297  -9.697 -17.822 -27.696 -39.286\n",
      "DEBUG:openmmtools.multistate.multistateanalyzer:   0.000   0.000   4.311   5.919   6.002   4.515   1.426  -3.297  -9.697 -17.822 -27.696 -39.286\n",
      "DEBUG:openmmtools.multistate.multistateanalyzer:  -4.311  -4.311   0.000   1.608   1.691   0.205  -2.884  -7.608 -14.008 -22.132 -32.007 -43.597\n",
      "DEBUG:openmmtools.multistate.multistateanalyzer:  -5.919  -5.919  -1.608   0.000   0.083  -1.403  -4.492  -9.216 -15.616 -23.741 -33.615 -45.205\n",
      "DEBUG:openmmtools.multistate.multistateanalyzer:  -6.002  -6.002  -1.691  -0.083   0.000  -1.486  -4.575  -9.299 -15.699 -23.824 -33.698 -45.288\n",
      "DEBUG:openmmtools.multistate.multistateanalyzer:  -4.515  -4.515  -0.205   1.403   1.486   0.000  -3.089  -7.813 -14.213 -22.337 -32.212 -43.802\n",
      "DEBUG:openmmtools.multistate.multistateanalyzer:  -1.426  -1.426   2.884   4.492   4.575   3.089   0.000  -4.724 -11.124 -19.248 -29.123 -40.713\n"
     ]
    },
    {
     "name": "stderr",
     "output_type": "stream",
     "text": [
      "DEBUG:openmmtools.multistate.multistateanalyzer:   3.297   3.297   7.608   9.216   9.299   7.813   4.724   0.000  -6.400 -14.525 -24.399 -35.989\n",
      "DEBUG:openmmtools.multistate.multistateanalyzer:   9.697   9.697  14.008  15.616  15.699  14.213  11.124   6.400   0.000  -8.124 -17.999 -29.589\n",
      "DEBUG:openmmtools.multistate.multistateanalyzer:  17.822  17.822  22.132  23.741  23.824  22.337  19.248  14.525   8.124   0.000  -9.874 -21.464\n",
      "DEBUG:openmmtools.multistate.multistateanalyzer:  27.696  27.696  32.007  33.615  33.698  32.212  29.123  24.399  17.999   9.874   0.000 -11.590\n",
      "DEBUG:openmmtools.multistate.multistateanalyzer:  39.286  39.286  43.597  45.205  45.288  43.802  40.713  35.989  29.589  21.464  11.590   0.000\n",
      "DEBUG:openmmtools.multistate.multistateanalyzer:dDeltaf_ij:\n",
      "DEBUG:openmmtools.multistate.multistateanalyzer:   0.000   0.000   0.149   0.168   0.178   0.184   0.189   0.194   0.200   0.205   0.211   0.218\n",
      "DEBUG:openmmtools.multistate.multistateanalyzer:   0.000   0.000   0.149   0.168   0.178   0.184   0.189   0.194   0.200   0.205   0.211   0.218\n",
      "DEBUG:openmmtools.multistate.multistateanalyzer:   0.149   0.149   0.000   0.036   0.059   0.074   0.087   0.097   0.107   0.117   0.127   0.138\n",
      "DEBUG:openmmtools.multistate.multistateanalyzer:   0.168   0.168   0.036   0.000   0.026   0.045   0.061   0.075   0.087   0.099   0.111   0.123\n",
      "DEBUG:openmmtools.multistate.multistateanalyzer:   0.178   0.178   0.059   0.026   0.000   0.022   0.040   0.056   0.071   0.085   0.099   0.112\n",
      "DEBUG:openmmtools.multistate.multistateanalyzer:   0.184   0.184   0.074   0.045   0.022   0.000   0.020   0.038   0.055   0.072   0.087   0.102\n",
      "DEBUG:openmmtools.multistate.multistateanalyzer:   0.189   0.189   0.087   0.061   0.040   0.020   0.000   0.019   0.039   0.057   0.075   0.092\n",
      "DEBUG:openmmtools.multistate.multistateanalyzer:   0.194   0.194   0.097   0.075   0.056   0.038   0.019   0.000   0.020   0.041   0.061   0.081\n",
      "DEBUG:openmmtools.multistate.multistateanalyzer:   0.200   0.200   0.107   0.087   0.071   0.055   0.039   0.020   0.000   0.022   0.045   0.066\n",
      "DEBUG:openmmtools.multistate.multistateanalyzer:   0.205   0.205   0.117   0.099   0.085   0.072   0.057   0.041   0.022   0.000   0.024   0.048\n",
      "DEBUG:openmmtools.multistate.multistateanalyzer:   0.211   0.211   0.127   0.111   0.099   0.087   0.075   0.061   0.045   0.024   0.000   0.027\n",
      "DEBUG:openmmtools.multistate.multistateanalyzer:   0.218   0.218   0.138   0.123   0.112   0.102   0.092   0.081   0.066   0.048   0.027   0.000\n",
      "WARNING:openmmtools.multistate.multistateanalyzer:Warning: The openmmtools.multistate API is experimental and may change in future releases\n",
      "DEBUG:openmmtools.multistate.multistateanalyzer:Checking if we need to unbias the restraint...\n",
      "DEBUG:openmmtools.multistate.multistateanalyzer:Trying to get radially symmetric restraint data...\n",
      "DEBUG:openmmtools.multistate.multistateanalyzer:Retrieving end thermodynamic states...\n",
      "DEBUG:openmmtools.multistate.multistateanalyzer:Isolating restraint force...\n",
      "DEBUG:openmmtools.multistate.multistateanalyzer:No force of type <class 'openmmtools.forces.RadiallySymmetricRestraintForce'> could be found. The restraint will not be unbiased.\n",
      "DEBUG:openmmtools.multistate.multistateanalyzer:Reading energies...\n",
      "DEBUG:openmmtools.multistate.multistatereporter:read_replica_thermodynamic_states: iteration = [   0    1    2 ... 4998 4999 5000]\n",
      "DEBUG:openmmtools.multistate.multistateanalyzer:Done.\n",
      "DEBUG:openmmtools.multistate.multistateanalyzer:Assembling effective timeseries...\n",
      "DEBUG:openmmtools.multistate.multistateanalyzer:Done.\n",
      "DEBUG:openmmtools.multistate.multistateanalyzer:Could not find t0: None of the requested keys could be found on disk!\n",
      "DEBUG:openmmtools.multistate.multistateanalyzer:Equilibration data:\n",
      "DEBUG:openmmtools.multistate.multistateanalyzer: number of iterations discarded to equilibration : 1\n",
      "DEBUG:openmmtools.multistate.multistateanalyzer: statistical inefficiency of production region   : 2.912506580352783\n",
      "DEBUG:openmmtools.multistate.multistateanalyzer: effective number of uncorrelated samples        : 172.36012268066406\n",
      "DEBUG:openmmtools.multistate.multistateanalyzer:Assembling uncorrelated energies...\n",
      "DEBUG:openmmtools.multistate.multistateanalyzer:Done.\n",
      "DEBUG:openmmtools.multistate.multistateanalyzer:Computing free energy differences...\n",
      "DEBUG:openmmtools.multistate.multistateanalyzer:Done.\n",
      "DEBUG:openmmtools.multistate.multistateanalyzer:Computing covariance matrix...\n",
      "DEBUG:openmmtools.multistate.multistateanalyzer:Deltaf_ij:\n",
      "DEBUG:openmmtools.multistate.multistateanalyzer:   0.000   0.000   4.562   6.123   6.174   4.664   1.551  -3.197  -9.621 -17.767 -27.656 -39.265\n",
      "DEBUG:openmmtools.multistate.multistateanalyzer:   0.000   0.000   4.562   6.123   6.174   4.664   1.551  -3.197  -9.621 -17.767 -27.656 -39.265\n",
      "DEBUG:openmmtools.multistate.multistateanalyzer:  -4.562  -4.562   0.000   1.561   1.612   0.102  -3.011  -7.759 -14.183 -22.329 -32.218 -43.827\n",
