{
 "cells": [
  {
   "cell_type": "code",
   "execution_count": 1,
   "metadata": {},
   "outputs": [
    {
     "name": "stderr",
     "output_type": "stream",
     "text": [
      "Warning: importing 'simtk.openmm' is deprecated.  Import 'openmm' instead.\n"
     ]
    }
   ],
   "source": [
    "from perses.analysis import utils\n",
    "from openmmtools.multistate import MultiStateReporter, MultiStateSamplerAnalyzer\n",
    "from simtk import unit\n",
    "import os\n",
    "import itertools\n",
    "from tqdm import tqdm_notebook\n",
    "import pandas as pd\n",
    "import numpy as np\n",
    "import seaborn as sns\n",
    "import matplotlib.pyplot as plt\n",
    "import logging\n",
    "from perses.analysis import utils\n",
    "\n",
    "from openmmtools.constants import kB\n",
    "KT_KCALMOL = kB * 300 * unit.kelvin / unit.kilocalories_per_mole\n",
    "\n",
    "import warnings\n",
    "warnings.filterwarnings('ignore')"
   ]
  },
  {
   "cell_type": "code",
   "execution_count": 2,
   "metadata": {},
   "outputs": [],
   "source": [
    "class MultiStateReporter2(MultiStateReporter):\n",
    "    def read_energies(self, iteration=slice(None)):\n",
    "        \"\"\"Retrieve the energy matrix at the given iteration on the analysis file\n",
    "        Parameters\n",
    "        ----------\n",
    "        iteration : int or slice\n",
    "            The iteration(s) at which to read the data. The slice(None) allows fetching all iterations at once.\n",
    "        Returns\n",
    "        -------\n",
    "        energy_thermodynamic_states : n_replicas x n_states numpy.ndarray\n",
    "            ``energy_thermodynamic_states[iteration, i, j]`` is the reduced potential computed at\n",
    "            SamplerState ``sampler_states[iteration, i]`` and ThermodynamicState ``thermodynamic_states[iteration, j]``.\n",
    "        energy_neighborhoods : n_replicas x n_states numpy.ndarray\n",
    "            energy_neighborhoods[replica_index, state_index] is 1 if the energy was computed for this state,\n",
    "            0 otherwise\n",
    "        energy_unsampled_states : n_replicas x n_unsampled_states numpy.ndarray\n",
    "            ``energy_unsampled_states[iteration, i, j]`` is the reduced potential computed at SamplerState\n",
    "            ``sampler_states[iteration, i]`` and ThermodynamicState ``unsampled_thermodynamic_states[iteration, j]``.\n",
    "        \"\"\"\n",
    "        # Determine last consistent iteration\n",
    "        iteration = self._map_iteration_to_good(iteration)\n",
    "        # Retrieve energies at all thermodynamic states\n",
    "        energy_thermodynamic_states = np.array(self._storage_analysis.variables['energies'][iteration, :, :], np.float64)\n",
    "        # Retrieve neighborhoods, assuming global neighborhoods if reading a pre-neighborhoods file\n",
    "        try:\n",
    "            energy_neighborhoods = np.array(self._storage_analysis.variables['neighborhoods'][iteration, :, :], 'i1')\n",
    "        except KeyError:\n",
    "            energy_neighborhoods = np.ones(energy_thermodynamic_states.shape, 'i1')\n",
    "        # Read energies at unsampled states, if present\n",
    "#         try:\n",
    "#             energy_unsampled_states = np.array(self._storage_analysis.variables['unsampled_energies'][iteration, :, :], np.float64)\n",
    "#         except KeyError:\n",
    "#             # There are no unsampled thermodynamic states.\n",
    "        unsampled_shape = energy_thermodynamic_states.shape[:-1] + (0,)\n",
    "        energy_unsampled_states = np.zeros(unsampled_shape)\n",
    "        return energy_thermodynamic_states, energy_neighborhoods, energy_unsampled_states\n"
   ]
  },
  {
   "cell_type": "code",
   "execution_count": 3,
   "metadata": {},
   "outputs": [],
   "source": [
    "# Given a path, get dg and ddg\n",
    "def analyze(path):\n",
    "    reporter = MultiStateReporter(path)\n",
    "    analyzer = MultiStateSamplerAnalyzer(reporter)\n",
    "    f_ij, df_ij = analyzer.get_free_energy()\n",
    "    f = f_ij[0,-1] # units = kT\n",
    "#     f = f_ij[0,-1] * analyzer.kT\n",
    "#     dg = f.in_units_of(unit.kilocalories_per_mole)\n",
    "    df = df_ij[0, -1]\n",
    "#     df = df_ij[0, -1] * analyzer.kT\n",
    "#     ddg = df.in_units_of(unit.kilocalories_per_mole)\n",
    "    return f, df\n",
    "\n",
    "def analyze_dom(path):\n",
    "    reporter = MultiStateReporter2(path)\n",
    "    ncfile = utils.open_netcdf(path)\n",
    "    n_iterations = ncfile.variables['last_iteration'][0]\n",
    "    print(f\"n_iterations: {n_iterations}\")\n",
    "    dg, ddg = list(), list()\n",
    "#     iterations_to_analyze = list(range (1, n_iterations, 500)) + [int(n_iterations-1)]\n",
    "    iterations_to_analyze = range(1, n_iterations, 100)\n",
    "    print(list(iterations_to_analyze)) # check that this is giving me the last avail iteration\n",
    "    for step in iterations_to_analyze: \n",
    "        analyzer = MultiStateSamplerAnalyzer(reporter, max_n_iterations=step)\n",
    "        f_ij, df_ij = analyzer.get_free_energy()\n",
    "        dg.append(f_ij[0,-1])\n",
    "        ddg.append(df_ij[0,-1])\n",
    "    # Get final free energy\n",
    "    analyzer = MultiStateSamplerAnalyzer(reporter, max_n_iterations=n_iterations)\n",
    "    f_ij, df_ij = analyzer.get_free_energy()\n",
    "    print(\"Neff: \", analyzer.mbar.computeEffectiveSampleNumber())\n",
    "    dg.append(f_ij[0,-1])\n",
    "    ddg.append(df_ij[0,-1])\n",
    "    return np.array(dg), np.array(ddg), f_ij, df_ij"
   ]
  },
  {
   "cell_type": "markdown",
   "metadata": {},
   "source": [
    "### 1 ns ala -> thr dipeptide in solvent (repex/32/3/19)"
   ]
  },
  {
   "cell_type": "code",
   "execution_count": 4,
   "metadata": {},
   "outputs": [],
   "source": [
    "_logger = logging.getLogger()\n",
    "_logger.setLevel(logging.INFO)"
   ]
  },
  {
   "cell_type": "code",
   "execution_count": 5,
   "metadata": {},
   "outputs": [],
   "source": [
    "main_dir = 32\n",
    "sub_dir = 3\n",
    "chunk = 19\n",
    "titles = ['ALA->THR']"
   ]
  },
  {
   "cell_type": "code",
   "execution_count": 6,
   "metadata": {
    "scrolled": true
   },
   "outputs": [
    {
     "name": "stderr",
     "output_type": "stream",
     "text": [
      "Warning: The openmmtools.multistate API is experimental and may change in future releases\n",
      "Warning: The openmmtools.multistate API is experimental and may change in future releases\n"
     ]
    },
    {
     "name": "stdout",
     "output_type": "stream",
     "text": [
      "analyzing apo\n",
      "n_iterations: 1000\n",
      "[1, 101, 201, 301, 401, 501, 601, 701, 801, 901]\n"
     ]
    },
    {
     "name": "stderr",
     "output_type": "stream",
     "text": [
      "DEBUG:openmmtools.multistate.multistateanalyzer:Isolating restraint force...\n",
      "DEBUG:openmmtools.multistate.multistateanalyzer:No force of type <class 'openmmtools.forces.RadiallySymmetricRestraintForce'> could be found. The restraint will not be unbiased.\n",
      "DEBUG:openmmtools.multistate.multistateanalyzer:Reading energies...\n",
      "DEBUG:openmmtools.multistate.multistatereporter:read_replica_thermodynamic_states: iteration = [   0    1    2 ...  998  999 1000]\n",
      "DEBUG:openmmtools.multistate.multistateanalyzer:Done.\n",
      "DEBUG:openmmtools.multistate.multistateanalyzer:Assembling effective timeseries...\n",
      "DEBUG:openmmtools.multistate.multistateanalyzer:Done.\n",
      "DEBUG:openmmtools.multistate.multistateanalyzer:Could not find t0: None of the requested keys could be found on disk!\n",
      "DEBUG:openmmtools.multistate.multistateanalyzer:Equilibration data:\n",
      "DEBUG:openmmtools.multistate.multistateanalyzer: number of iterations discarded to equilibration : 1\n",
      "DEBUG:openmmtools.multistate.multistateanalyzer: statistical inefficiency of production region   : 1\n",
      "DEBUG:openmmtools.multistate.multistateanalyzer: effective number of uncorrelated samples        : 1\n",
      "DEBUG:openmmtools.multistate.multistateanalyzer:Assembling uncorrelated energies...\n",
      "DEBUG:openmmtools.multistate.multistateanalyzer:Done.\n",
      "DEBUG:openmmtools.multistate.multistateanalyzer:Computing free energy differences...\n",
      "DEBUG:openmmtools.multistate.multistateanalyzer:Done.\n",
      "DEBUG:openmmtools.multistate.multistateanalyzer:Computing covariance matrix...\n",
      "DEBUG:openmmtools.multistate.multistateanalyzer:Deltaf_ij:\n",
      "DEBUG:openmmtools.multistate.multistateanalyzer:   0.000   0.000   0.296   0.976   1.588   2.092   2.473   2.724   2.840   2.820   2.659   2.355   1.907   1.313   0.575  -0.308  -1.334  -2.502  -3.813  -5.270  -6.873  -8.625 -10.530 -12.591 -14.811 -17.195 -19.747 -22.473 -25.376 -28.459 -31.725 -35.173 -38.801 -42.602 -46.566 -50.676\n",
      "DEBUG:openmmtools.multistate.multistateanalyzer:   0.000   0.000   0.296   0.976   1.588   2.092   2.473   2.724   2.840   2.820   2.659   2.355   1.907   1.313   0.575  -0.308  -1.334  -2.502  -3.813  -5.270  -6.873  -8.625 -10.530 -12.591 -14.811 -17.195 -19.747 -22.473 -25.376 -28.459 -31.725 -35.173 -38.801 -42.602 -46.566 -50.676\n",
      "DEBUG:openmmtools.multistate.multistateanalyzer:  -0.296  -0.296   0.000   0.680   1.292   1.796   2.177   2.428   2.545   2.524   2.363   2.060   1.611   1.018   0.279  -0.604  -1.629  -2.798  -4.109  -5.565  -7.169  -8.921 -10.826 -12.886 -15.107 -17.491 -20.043 -22.769 -25.671 -28.755 -32.021 -35.469 -39.097 -42.898 -46.862 -50.971\n",
      "DEBUG:openmmtools.multistate.multistateanalyzer:  -0.976  -0.976  -0.680   0.000   0.612   1.116   1.497   1.748   1.864   1.844   1.683   1.379   0.931   0.337  -0.401  -1.284  -2.310  -3.478  -4.789  -6.246  -7.849  -9.601 -11.506 -13.567 -15.787 -18.171 -20.723 -23.449 -26.352 -29.435 -32.701 -36.149 -39.777 -43.578 -47.542 -51.652\n",
      "DEBUG:openmmtools.multistate.multistateanalyzer:  -1.588  -1.588  -1.292  -0.612   0.000   0.504   0.885   1.135   1.252   1.232   1.071   0.767   0.319  -0.275  -1.013  -1.896  -2.922  -4.090  -5.402  -6.858  -8.461 -10.213 -12.118 -14.179 -16.399 -18.783 -21.336 -24.061 -26.964 -30.047 -33.313 -36.762 -40.389 -44.190 -48.154 -52.264\n",
      "DEBUG:openmmtools.multistate.multistateanalyzer:  -2.092  -2.092  -1.796  -1.116  -0.504   0.000   0.381   0.632   0.749   0.728   0.567   0.264  -0.185  -0.778  -1.517  -2.400  -3.426  -4.594  -5.905  -7.362  -8.965 -10.717 -12.622 -14.683 -16.903 -19.287 -21.839 -24.565 -27.468 -30.551 -33.817 -37.265 -40.893 -44.694 -48.658 -52.768\n",
      "DEBUG:openmmtools.multistate.multistateanalyzer:  -2.473  -2.473  -2.177  -1.497  -0.885  -0.381   0.000   0.251   0.368   0.347   0.186  -0.117  -0.566  -1.159  -1.898  -2.781  -3.806  -4.975  -6.286  -7.742  -9.346 -11.098 -13.003 -15.063 -17.284 -19.668 -22.220 -24.946 -27.848 -30.932 -34.198 -37.646 -41.274 -45.075 -49.039 -53.148\n",
      "DEBUG:openmmtools.multistate.multistateanalyzer:  -2.724  -2.724  -2.428  -1.748  -1.135  -0.632  -0.251   0.000   0.117   0.096  -0.065  -0.368  -0.816  -1.410  -2.149  -3.032  -4.057  -5.226  -6.537  -7.993  -9.596 -11.349 -13.254 -15.314 -17.534 -19.919 -22.471 -25.197 -28.099 -31.183 -34.449 -37.897 -41.525 -45.326 -49.289 -53.399\n",
      "DEBUG:openmmtools.multistate.multistateanalyzer:  -2.840  -2.840  -2.545  -1.864  -1.252  -0.749  -0.368  -0.117   0.000  -0.021  -0.181  -0.485  -0.933  -1.527  -2.266  -3.148  -4.174  -5.342  -6.654  -8.110  -9.713 -11.466 -13.371 -15.431 -17.651 -20.035 -22.588 -25.313 -28.216 -31.300 -34.566 -38.014 -41.642 -45.442 -49.406 -53.516\n",
      "DEBUG:openmmtools.multistate.multistateanalyzer:  -2.820  -2.820  -2.524  -1.844  -1.232  -0.728  -0.347  -0.096   0.021   0.000  -0.161  -0.464  -0.913  -1.506  -2.245  -3.128  -4.154  -5.322  -6.633  -8.090  -9.693 -11.445 -13.350 -15.411 -17.631 -20.015 -22.567 -25.293 -28.196 -31.279 -34.545 -37.993 -41.621 -45.422 -49.386 -53.496\n",
      "DEBUG:openmmtools.multistate.multistateanalyzer:  -2.659  -2.659  -2.363  -1.683  -1.071  -0.567  -0.186   0.065   0.181   0.161   0.000  -0.304  -0.752  -1.346  -2.084  -2.967  -3.993  -5.161  -6.473  -7.929  -9.532 -11.284 -13.189 -15.250 -17.470 -19.854 -22.407 -25.132 -28.035 -31.118 -34.384 -37.833 -41.460 -45.261 -49.225 -53.335\n",
      "DEBUG:openmmtools.multistate.multistateanalyzer:  -2.355  -2.355  -2.060  -1.379  -0.767  -0.264   0.117   0.368   0.485   0.464   0.304   0.000  -0.448  -1.042  -1.781  -2.663  -3.689  -4.857  -6.169  -7.625  -9.228 -10.981 -12.886 -14.946 -17.166 -19.550 -22.103 -24.828 -27.731 -30.815 -34.081 -37.529 -41.157 -44.957 -48.921 -53.031\n",
      "DEBUG:openmmtools.multistate.multistateanalyzer:  -1.907  -1.907  -1.611  -0.931  -0.319   0.185   0.566   0.816   0.933   0.913   0.752   0.448   0.000  -0.594  -1.332  -2.215  -3.241  -4.409  -5.721  -7.177  -8.780 -10.532 -12.437 -14.498 -16.718 -19.102 -21.655 -24.380 -27.283 -30.366 -33.632 -37.081 -40.708 -44.509 -48.473 -52.583\n",
      "DEBUG:openmmtools.multistate.multistateanalyzer:  -1.313  -1.313  -1.018  -0.337   0.275   0.778   1.159   1.410   1.527   1.506   1.346   1.042   0.594   0.000  -0.739  -1.621  -2.647  -3.815  -5.127  -6.583  -8.186  -9.939 -11.844 -13.904 -16.124 -18.508 -21.061 -23.786 -26.689 -29.773 -33.039 -36.487 -40.115 -43.915 -47.879 -51.989\n",
      "DEBUG:openmmtools.multistate.multistateanalyzer:  -0.575  -0.575  -0.279   0.401   1.013   1.517   1.898   2.149   2.266   2.245   2.084   1.781   1.332   0.739   0.000  -0.883  -1.908  -3.077  -4.388  -5.844  -7.448  -9.200 -11.105 -13.165 -15.386 -17.770 -20.322 -23.048 -25.950 -29.034 -32.300 -35.748 -39.376 -43.177 -47.141 -51.250\n",
      "DEBUG:openmmtools.multistate.multistateanalyzer:   0.308   0.308   0.604   1.284   1.896   2.400   2.781   3.032   3.148   3.128   2.967   2.663   2.215   1.621   0.883   0.000  -1.026  -2.194  -3.506  -4.962  -6.565  -8.317 -10.222 -12.283 -14.503 -16.887 -19.439 -22.165 -25.068 -28.151 -31.417 -34.865 -38.493 -42.294 -46.258 -50.368\n",
      "DEBUG:openmmtools.multistate.multistateanalyzer:   1.334   1.334   1.629   2.310   2.922   3.426   3.806   4.057   4.174   4.154   3.993   3.689   3.241   2.647   1.908   1.026   0.000  -1.168  -2.480  -3.936  -5.539  -7.292  -9.196 -11.257 -13.477 -15.861 -18.414 -21.139 -24.042 -27.126 -30.391 -33.840 -37.467 -41.268 -45.232 -49.342\n",
      "DEBUG:openmmtools.multistate.multistateanalyzer:   2.502   2.502   2.798   3.478   4.090   4.594   4.975   5.226   5.342   5.322   5.161   4.857   4.409   3.815   3.077   2.194   1.168   0.000  -1.312  -2.768  -4.371  -6.123  -8.028 -10.089 -12.309 -14.693 -17.246 -19.971 -22.874 -25.957 -29.223 -32.671 -36.299 -40.100 -44.064 -48.174\n",
      "DEBUG:openmmtools.multistate.multistateanalyzer:   3.813   3.813   4.109   4.789   5.402   5.905   6.286   6.537   6.654   6.633   6.473   6.169   5.721   5.127   4.388   3.506   2.480   1.312   0.000  -1.456  -3.059  -4.812  -6.717  -8.777 -10.997 -13.381 -15.934 -18.659 -21.562 -24.646 -27.912 -31.360 -34.988 -38.788 -42.752 -46.862\n",
      "DEBUG:openmmtools.multistate.multistateanalyzer:   5.270   5.270   5.565   6.246   6.858   7.362   7.742   7.993   8.110   8.090   7.929   7.625   7.177   6.583   5.844   4.962   3.936   2.768   1.456   0.000  -1.603  -3.356  -5.260  -7.321  -9.541 -11.925 -14.478 -17.203 -20.106 -23.189 -26.455 -29.904 -33.531 -37.332 -41.296 -45.406\n"
     ]
    },
    {
     "name": "stderr",
     "output_type": "stream",
     "text": [
      "DEBUG:openmmtools.multistate.multistateanalyzer:   6.873   6.873   7.169   7.849   8.461   8.965   9.346   9.596   9.713   9.693   9.532   9.228   8.780   8.186   7.448   6.565   5.539   4.371   3.059   1.603   0.000  -1.752  -3.657  -5.718  -7.938 -10.322 -12.875 -15.600 -18.503 -21.586 -24.852 -28.301 -31.928 -35.729 -39.693 -43.803\n",
      "DEBUG:openmmtools.multistate.multistateanalyzer:   8.625   8.625   8.921   9.601  10.213  10.717  11.098  11.349  11.466  11.445  11.284  10.981  10.532   9.939   9.200   8.317   7.292   6.123   4.812   3.356   1.752   0.000  -1.905  -3.965  -6.186  -8.570 -11.122 -13.848 -16.750 -19.834 -23.100 -26.548 -30.176 -33.977 -37.941 -42.050\n",
      "DEBUG:openmmtools.multistate.multistateanalyzer:  10.530  10.530  10.826  11.506  12.118  12.622  13.003  13.254  13.371  13.350  13.189  12.886  12.437  11.844  11.105  10.222   9.196   8.028   6.717   5.260   3.657   1.905   0.000  -2.061  -4.281  -6.665  -9.217 -11.943 -14.846 -17.929 -21.195 -24.643 -28.271 -32.072 -36.036 -40.146\n",
      "DEBUG:openmmtools.multistate.multistateanalyzer:  12.591  12.591  12.886  13.567  14.179  14.683  15.063  15.314  15.431  15.411  15.250  14.946  14.498  13.904  13.165  12.283  11.257  10.089   8.777   7.321   5.718   3.965   2.061   0.000  -2.220  -4.604  -7.157  -9.882 -12.785 -15.868 -19.134 -22.583 -26.210 -30.011 -33.975 -38.085\n",
      "DEBUG:openmmtools.multistate.multistateanalyzer:  14.811  14.811  15.107  15.787  16.399  16.903  17.284  17.534  17.651  17.631  17.470  17.166  16.718  16.124  15.386  14.503  13.477  12.309  10.997   9.541   7.938   6.186   4.281   2.220   0.000  -2.384  -4.937  -7.662 -10.565 -13.648 -16.914 -20.363 -23.990 -27.791 -31.755 -35.865\n",
      "DEBUG:openmmtools.multistate.multistateanalyzer:  17.195  17.195  17.491  18.171  18.783  19.287  19.668  19.919  20.035  20.015  19.854  19.550  19.102  18.508  17.770  16.887  15.861  14.693  13.381  11.925  10.322   8.570   6.665   4.604   2.384   0.000  -2.552  -5.278  -8.181 -11.264 -14.530 -17.978 -21.606 -25.407 -29.371 -33.481\n",
      "DEBUG:openmmtools.multistate.multistateanalyzer:  19.747  19.747  20.043  20.723  21.336  21.839  22.220  22.471  22.588  22.567  22.407  22.103  21.655  21.061  20.322  19.439  18.414  17.246  15.934  14.478  12.875  11.122   9.217   7.157   4.937   2.552   0.000  -2.725  -5.628  -8.712 -11.978 -15.426 -19.054 -22.855 -26.818 -30.928\n",
      "DEBUG:openmmtools.multistate.multistateanalyzer:  22.473  22.473  22.769  23.449  24.061  24.565  24.946  25.197  25.313  25.293  25.132  24.828  24.380  23.786  23.048  22.165  21.139  19.971  18.659  17.203  15.600  13.848  11.943   9.882   7.662   5.278   2.725   0.000  -2.903  -5.986  -9.252 -12.700 -16.328 -20.129 -24.093 -28.203\n",
      "DEBUG:openmmtools.multistate.multistateanalyzer:  25.376  25.376  25.671  26.352  26.964  27.468  27.848  28.099  28.216  28.196  28.035  27.731  27.283  26.689  25.950  25.068  24.042  22.874  21.562  20.106  18.503  16.750  14.846  12.785  10.565   8.181   5.628   2.903   0.000  -3.083  -6.349  -9.798 -13.425 -17.226 -21.190 -25.300\n",
      "DEBUG:openmmtools.multistate.multistateanalyzer:  28.459  28.459  28.755  29.435  30.047  30.551  30.932  31.183  31.300  31.279  31.118  30.815  30.366  29.773  29.034  28.151  27.126  25.957  24.646  23.189  21.586  19.834  17.929  15.868  13.648  11.264   8.712   5.986   3.083   0.000  -3.266  -6.714 -10.342 -14.143 -18.107 -22.217\n",
      "DEBUG:openmmtools.multistate.multistateanalyzer:  31.725  31.725  32.021  32.701  33.313  33.817  34.198  34.449  34.566  34.545  34.384  34.081  33.632  33.039  32.300  31.417  30.391  29.223  27.912  26.455  24.852  23.100  21.195  19.134  16.914  14.530  11.978   9.252   6.349   3.266   0.000  -3.448  -7.076 -10.877 -14.841 -18.951\n",
      "DEBUG:openmmtools.multistate.multistateanalyzer:  35.173  35.173  35.469  36.149  36.762  37.265  37.646  37.897  38.014  37.993  37.833  37.529  37.081  36.487  35.748  34.865  33.840  32.671  31.360  29.904  28.301  26.548  24.643  22.583  20.363  17.978  15.426  12.700   9.798   6.714   3.448   0.000  -3.628  -7.429 -11.392 -15.502\n",
      "DEBUG:openmmtools.multistate.multistateanalyzer:  38.801  38.801  39.097  39.777  40.389  40.893  41.274  41.525  41.642  41.621  41.460  41.157  40.708  40.115  39.376  38.493  37.467  36.299  34.988  33.531  31.928  30.176  28.271  26.210  23.990  21.606  19.054  16.328  13.425  10.342   7.076   3.628   0.000  -3.801  -7.765 -11.875\n",
      "DEBUG:openmmtools.multistate.multistateanalyzer:  42.602  42.602  42.898  43.578  44.190  44.694  45.075  45.326  45.442  45.422  45.261  44.957  44.509  43.915  43.177  42.294  41.268  40.100  38.788  37.332  35.729  33.977  32.072  30.011  27.791  25.407  22.855  20.129  17.226  14.143  10.877   7.429   3.801   0.000  -3.964  -8.074\n",
      "DEBUG:openmmtools.multistate.multistateanalyzer:  46.566  46.566  46.862  47.542  48.154  48.658  49.039  49.289  49.406  49.386  49.225  48.921  48.473  47.879  47.141  46.258  45.232  44.064  42.752  41.296  39.693  37.941  36.036  33.975  31.755  29.371  26.818  24.093  21.190  18.107  14.841  11.392   7.765   3.964   0.000  -4.110\n",
      "DEBUG:openmmtools.multistate.multistateanalyzer:  50.676  50.676  50.971  51.652  52.264  52.768  53.148  53.399  53.516  53.496  53.335  53.031  52.583  51.989  51.250  50.368  49.342  48.174  46.862  45.406  43.803  42.050  40.146  38.085  35.865  33.481  30.928  28.203  25.300  22.217  18.951  15.502  11.875   8.074   4.110   0.000\n",
      "DEBUG:openmmtools.multistate.multistateanalyzer:dDeltaf_ij:\n",
      "DEBUG:openmmtools.multistate.multistateanalyzer:   0.000   0.000   0.024   0.050   0.078   0.108   0.139   0.171   0.204   0.238   0.271   0.303   0.332   0.358   0.380   0.399   0.416   0.433   0.449   0.466   0.484   0.502   0.521   0.540   0.561   0.583   0.607   0.633   0.661   0.691   0.721   0.753   0.784   0.815   0.846   0.875\n",
      "DEBUG:openmmtools.multistate.multistateanalyzer:   0.000   0.000   0.024   0.050   0.078   0.108   0.139   0.171   0.204   0.238   0.271   0.303   0.332   0.358   0.380   0.399   0.416   0.433   0.449   0.466   0.484   0.502   0.521   0.540   0.561   0.583   0.607   0.633   0.661   0.691   0.721   0.753   0.784   0.815   0.846   0.875\n",
      "DEBUG:openmmtools.multistate.multistateanalyzer:   0.024   0.024   0.000   0.027   0.056   0.086   0.117   0.149   0.182   0.217   0.251   0.283   0.313   0.339   0.362   0.381   0.399   0.416   0.433   0.450   0.468   0.487   0.506   0.527   0.548   0.570   0.595   0.621   0.650   0.680   0.711   0.743   0.775   0.806   0.837   0.867\n",
      "DEBUG:openmmtools.multistate.multistateanalyzer:   0.050   0.050   0.027   0.000   0.029   0.059   0.090   0.122   0.156   0.191   0.226   0.259   0.289   0.316   0.339   0.359   0.378   0.396   0.413   0.432   0.450   0.470   0.489   0.510   0.532   0.555   0.580   0.607   0.636   0.667   0.699   0.731   0.764   0.795   0.827   0.857\n",
      "DEBUG:openmmtools.multistate.multistateanalyzer:   0.078   0.078   0.056   0.029   0.000   0.030   0.061   0.094   0.129   0.164   0.199   0.233   0.264   0.291   0.315   0.336   0.355   0.374   0.392   0.411   0.431   0.451   0.471   0.493   0.515   0.539   0.565   0.593   0.623   0.654   0.687   0.719   0.752   0.784   0.816   0.847\n",
      "DEBUG:openmmtools.multistate.multistateanalyzer:   0.108   0.108   0.086   0.059   0.030   0.000   0.032   0.065   0.099   0.135   0.171   0.205   0.237   0.265   0.289   0.311   0.331   0.350   0.370   0.390   0.410   0.431   0.452   0.475   0.498   0.523   0.549   0.578   0.608   0.640   0.674   0.707   0.740   0.773   0.805   0.836\n",
      "DEBUG:openmmtools.multistate.multistateanalyzer:   0.139   0.139   0.117   0.090   0.061   0.032   0.000   0.033   0.068   0.104   0.141   0.175   0.208   0.236   0.261   0.284   0.305   0.325   0.345   0.366   0.388   0.409   0.432   0.455   0.479   0.505   0.532   0.562   0.593   0.626   0.660   0.694   0.728   0.761   0.794   0.825\n",
      "DEBUG:openmmtools.multistate.multistateanalyzer:   0.171   0.171   0.149   0.122   0.094   0.065   0.033   0.000   0.035   0.071   0.108   0.143   0.176   0.205   0.231   0.254   0.276   0.298   0.319   0.341   0.364   0.387   0.410   0.434   0.460   0.486   0.514   0.545   0.577   0.611   0.646   0.680   0.715   0.749   0.782   0.814\n",
      "DEBUG:openmmtools.multistate.multistateanalyzer:   0.204   0.204   0.182   0.156   0.129   0.099   0.068   0.035   0.000   0.036   0.073   0.109   0.142   0.172   0.199   0.223   0.246   0.269   0.291   0.315   0.339   0.363   0.387   0.413   0.439   0.467   0.496   0.527   0.561   0.595   0.631   0.666   0.702   0.736   0.770   0.802\n"
     ]
    },
    {
     "name": "stderr",
     "output_type": "stream",
     "text": [
      "DEBUG:openmmtools.multistate.multistateanalyzer:   0.238   0.238   0.217   0.191   0.164   0.135   0.104   0.071   0.036   0.000   0.037   0.073   0.106   0.137   0.164   0.190   0.214   0.238   0.262   0.287   0.312   0.338   0.364   0.390   0.418   0.447   0.477   0.509   0.544   0.580   0.616   0.652   0.688   0.723   0.758   0.791\n",
      "DEBUG:openmmtools.multistate.multistateanalyzer:   0.271   0.271   0.251   0.226   0.199   0.171   0.141   0.108   0.073   0.037   0.000   0.036   0.070   0.101   0.129   0.156   0.182   0.207   0.233   0.259   0.286   0.313   0.340   0.368   0.397   0.427   0.458   0.492   0.527   0.564   0.601   0.639   0.675   0.711   0.746   0.779\n",
      "DEBUG:openmmtools.multistate.multistateanalyzer:   0.303   0.303   0.283   0.259   0.233   0.205   0.175   0.143   0.109   0.073   0.036   0.000   0.034   0.066   0.095   0.123   0.150   0.177   0.204   0.232   0.259   0.288   0.316   0.345   0.375   0.407   0.439   0.474   0.511   0.549   0.587   0.625   0.662   0.699   0.734   0.768\n",
      "DEBUG:openmmtools.multistate.multistateanalyzer:   0.332   0.332   0.313   0.289   0.264   0.237   0.208   0.176   0.142   0.106   0.070   0.034   0.000   0.032   0.062   0.090   0.118   0.147   0.175   0.204   0.234   0.263   0.293   0.323   0.354   0.387   0.421   0.457   0.495   0.533   0.573   0.612   0.650   0.687   0.723   0.758\n",
      "DEBUG:openmmtools.multistate.multistateanalyzer:   0.358   0.358   0.339   0.316   0.291   0.265   0.236   0.205   0.172   0.137   0.101   0.066   0.032   0.000   0.030   0.059   0.088   0.118   0.147   0.177   0.208   0.238   0.269   0.301   0.333   0.367   0.402   0.439   0.478   0.518   0.559   0.599   0.637   0.675   0.712   0.747\n",
      "DEBUG:openmmtools.multistate.multistateanalyzer:   0.380   0.380   0.362   0.339   0.315   0.289   0.261   0.231   0.199   0.164   0.129   0.095   0.062   0.030   0.000   0.030   0.059   0.089   0.120   0.150   0.182   0.213   0.245   0.278   0.312   0.346   0.383   0.421   0.461   0.503   0.544   0.585   0.625   0.663   0.700   0.736\n",
      "DEBUG:openmmtools.multistate.multistateanalyzer:   0.399   0.399   0.381   0.359   0.336   0.311   0.284   0.254   0.223   0.190   0.156   0.123   0.090   0.059   0.030   0.000   0.030   0.060   0.091   0.123   0.155   0.187   0.220   0.254   0.289   0.325   0.363   0.402   0.444   0.486   0.529   0.571   0.611   0.651   0.689   0.725\n",
      "DEBUG:openmmtools.multistate.multistateanalyzer:   0.416   0.416   0.399   0.378   0.355   0.331   0.305   0.276   0.246   0.214   0.182   0.150   0.118   0.088   0.059   0.030   0.000   0.031   0.062   0.094   0.127   0.160   0.194   0.229   0.264   0.302   0.341   0.382   0.425   0.469   0.513   0.556   0.597   0.637   0.676   0.713\n",
      "DEBUG:openmmtools.multistate.multistateanalyzer:   0.433   0.433   0.416   0.396   0.374   0.350   0.325   0.298   0.269   0.238   0.207   0.177   0.147   0.118   0.089   0.060   0.031   0.000   0.031   0.064   0.097   0.131   0.166   0.202   0.239   0.277   0.318   0.360   0.405   0.450   0.495   0.539   0.582   0.623   0.663   0.700\n",
      "DEBUG:openmmtools.multistate.multistateanalyzer:   0.449   0.449   0.433   0.413   0.392   0.370   0.345   0.319   0.291   0.262   0.233   0.204   0.175   0.147   0.120   0.091   0.062   0.031   0.000   0.033   0.066   0.101   0.136   0.173   0.211   0.251   0.293   0.337   0.383   0.430   0.476   0.522   0.565   0.608   0.648   0.686\n",
      "DEBUG:openmmtools.multistate.multistateanalyzer:   0.466   0.466   0.450   0.432   0.411   0.390   0.366   0.341   0.315   0.287   0.259   0.232   0.204   0.177   0.150   0.123   0.094   0.064   0.033   0.000   0.034   0.069   0.105   0.142   0.181   0.223   0.266   0.312   0.359   0.408   0.456   0.502   0.548   0.591   0.632   0.672\n",
      "DEBUG:openmmtools.multistate.multistateanalyzer:   0.484   0.484   0.468   0.450   0.431   0.410   0.388   0.364   0.339   0.312   0.286   0.259   0.234   0.208   0.182   0.155   0.127   0.097   0.066   0.034   0.000   0.035   0.072   0.110   0.150   0.192   0.237   0.284   0.333   0.383   0.433   0.481   0.528   0.572   0.615   0.655\n",
      "DEBUG:openmmtools.multistate.multistateanalyzer:   0.502   0.502   0.487   0.470   0.451   0.431   0.409   0.387   0.363   0.338   0.313   0.288   0.263   0.238   0.213   0.187   0.160   0.131   0.101   0.069   0.035   0.000   0.037   0.076   0.116   0.160   0.206   0.255   0.305   0.357   0.408   0.458   0.506   0.552   0.596   0.637\n",
      "DEBUG:openmmtools.multistate.multistateanalyzer:   0.521   0.521   0.506   0.489   0.471   0.452   0.432   0.410   0.387   0.364   0.340   0.316   0.293   0.269   0.245   0.220   0.194   0.166   0.136   0.105   0.072   0.037   0.000   0.039   0.080   0.125   0.172   0.222   0.274   0.327   0.380   0.431   0.481   0.528   0.574   0.616\n",
      "DEBUG:openmmtools.multistate.multistateanalyzer:   0.540   0.540   0.527   0.510   0.493   0.475   0.455   0.434   0.413   0.390   0.368   0.345   0.323   0.301   0.278   0.254   0.229   0.202   0.173   0.142   0.110   0.076   0.039   0.000   0.042   0.087   0.135   0.186   0.239   0.294   0.348   0.402   0.453   0.502   0.549   0.593\n",
      "DEBUG:openmmtools.multistate.multistateanalyzer:   0.561   0.561   0.548   0.532   0.515   0.498   0.479   0.460   0.439   0.418   0.397   0.375   0.354   0.333   0.312   0.289   0.264   0.239   0.211   0.181   0.150   0.116   0.080   0.042   0.000   0.045   0.094   0.146   0.201   0.257   0.313   0.367   0.420   0.471   0.520   0.566\n",
      "DEBUG:openmmtools.multistate.multistateanalyzer:   0.583   0.583   0.570   0.555   0.539   0.523   0.505   0.486   0.467   0.447   0.427   0.407   0.387   0.367   0.346   0.325   0.302   0.277   0.251   0.223   0.192   0.160   0.125   0.087   0.045   0.000   0.049   0.102   0.157   0.215   0.272   0.329   0.383   0.436   0.487   0.535\n",
      "DEBUG:openmmtools.multistate.multistateanalyzer:   0.607   0.607   0.595   0.580   0.565   0.549   0.532   0.514   0.496   0.477   0.458   0.439   0.421   0.402   0.383   0.363   0.341   0.318   0.293   0.266   0.237   0.206   0.172   0.135   0.094   0.049   0.000   0.053   0.109   0.168   0.226   0.284   0.341   0.396   0.450   0.500\n",
      "DEBUG:openmmtools.multistate.multistateanalyzer:   0.633   0.633   0.621   0.607   0.593   0.578   0.562   0.545   0.527   0.509   0.492   0.474   0.457   0.439   0.421   0.402   0.382   0.360   0.337   0.312   0.284   0.255   0.222   0.186   0.146   0.102   0.053   0.000   0.057   0.116   0.175   0.235   0.294   0.352   0.407   0.460\n",
      "DEBUG:openmmtools.multistate.multistateanalyzer:   0.661   0.661   0.650   0.636   0.623   0.608   0.593   0.577   0.561   0.544   0.527   0.511   0.495   0.478   0.461   0.444   0.425   0.405   0.383   0.359   0.333   0.305   0.274   0.239   0.201   0.157   0.109   0.057   0.000   0.059   0.120   0.181   0.242   0.302   0.360   0.415\n",
      "DEBUG:openmmtools.multistate.multistateanalyzer:   0.691   0.691   0.680   0.667   0.654   0.640   0.626   0.611   0.595   0.580   0.564   0.549   0.533   0.518   0.503   0.486   0.469   0.450   0.430   0.408   0.383   0.357   0.327   0.294   0.257   0.215   0.168   0.116   0.059   0.000   0.061   0.124   0.186   0.248   0.309   0.366\n",
      "DEBUG:openmmtools.multistate.multistateanalyzer:   0.721   0.721   0.711   0.699   0.687   0.674   0.660   0.646   0.631   0.616   0.601   0.587   0.573   0.559   0.544   0.529   0.513   0.495   0.476   0.456   0.433   0.408   0.380   0.348   0.313   0.272   0.226   0.175   0.120   0.061   0.000   0.063   0.127   0.191   0.253   0.313\n",
      "DEBUG:openmmtools.multistate.multistateanalyzer:   0.753   0.753   0.743   0.731   0.719   0.707   0.694   0.680   0.666   0.652   0.639   0.625   0.612   0.599   0.585   0.571   0.556   0.539   0.522   0.502   0.481   0.458   0.431   0.402   0.367   0.329   0.284   0.235   0.181   0.124   0.063   0.000   0.065   0.130   0.194   0.256\n",
      "DEBUG:openmmtools.multistate.multistateanalyzer:   0.784   0.784   0.775   0.764   0.752   0.740   0.728   0.715   0.702   0.688   0.675   0.662   0.650   0.637   0.625   0.611   0.597   0.582   0.565   0.548   0.528   0.506   0.481   0.453   0.420   0.383   0.341   0.294   0.242   0.186   0.127   0.065   0.000   0.066   0.131   0.194\n",
      "DEBUG:openmmtools.multistate.multistateanalyzer:   0.815   0.815   0.806   0.795   0.784   0.773   0.761   0.749   0.736   0.723   0.711   0.699   0.687   0.675   0.663   0.651   0.637   0.623   0.608   0.591   0.572   0.552   0.528   0.502   0.471   0.436   0.396   0.352   0.302   0.248   0.191   0.130   0.066   0.000   0.066   0.129\n"
     ]
    },
    {
     "name": "stderr",
     "output_type": "stream",
     "text": [
      "DEBUG:openmmtools.multistate.multistateanalyzer:   0.846   0.846   0.837   0.827   0.816   0.805   0.794   0.782   0.770   0.758   0.746   0.734   0.723   0.712   0.700   0.689   0.676   0.663   0.648   0.632   0.615   0.596   0.574   0.549   0.520   0.487   0.450   0.407   0.360   0.309   0.253   0.194   0.131   0.066   0.000   0.064\n",
      "DEBUG:openmmtools.multistate.multistateanalyzer:   0.875   0.875   0.867   0.857   0.847   0.836   0.825   0.814   0.802   0.791   0.779   0.768   0.758   0.747   0.736   0.725   0.713   0.700   0.686   0.672   0.655   0.637   0.616   0.593   0.566   0.535   0.500   0.460   0.415   0.366   0.313   0.256   0.194   0.129   0.064   0.000\n",
      "WARNING:openmmtools.multistate.multistateanalyzer:Warning: The openmmtools.multistate API is experimental and may change in future releases\n",
      "DEBUG:openmmtools.multistate.multistateanalyzer:Checking if we need to unbias the restraint...\n",
      "DEBUG:openmmtools.multistate.multistateanalyzer:Trying to get radially symmetric restraint data...\n",
      "DEBUG:openmmtools.multistate.multistateanalyzer:Retrieving end thermodynamic states...\n",
      "DEBUG:openmmtools.multistate.multistateanalyzer:Isolating restraint force...\n",
      "DEBUG:openmmtools.multistate.multistateanalyzer:No force of type <class 'openmmtools.forces.RadiallySymmetricRestraintForce'> could be found. The restraint will not be unbiased.\n",
      "DEBUG:openmmtools.multistate.multistateanalyzer:Reading energies...\n",
      "DEBUG:openmmtools.multistate.multistatereporter:read_replica_thermodynamic_states: iteration = [   0    1    2 ...  998  999 1000]\n",
      "DEBUG:openmmtools.multistate.multistateanalyzer:Done.\n",
      "DEBUG:openmmtools.multistate.multistateanalyzer:Assembling effective timeseries...\n",
      "DEBUG:openmmtools.multistate.multistateanalyzer:Done.\n",
      "DEBUG:openmmtools.multistate.multistateanalyzer:Could not find t0: None of the requested keys could be found on disk!\n",
      "DEBUG:openmmtools.multistate.multistateanalyzer:Equilibration data:\n",
      "DEBUG:openmmtools.multistate.multistateanalyzer: number of iterations discarded to equilibration : 3\n",
      "DEBUG:openmmtools.multistate.multistateanalyzer: statistical inefficiency of production region   : 2.3319315910339355\n",
      "DEBUG:openmmtools.multistate.multistateanalyzer: effective number of uncorrelated samples        : 42.882904052734375\n",
      "DEBUG:openmmtools.multistate.multistateanalyzer:Assembling uncorrelated energies...\n",
      "DEBUG:openmmtools.multistate.multistateanalyzer:Done.\n",
      "DEBUG:openmmtools.multistate.multistateanalyzer:Computing free energy differences...\n",
      "DEBUG:openmmtools.multistate.multistateanalyzer:Done.\n",
      "DEBUG:openmmtools.multistate.multistateanalyzer:Computing covariance matrix...\n",
      "DEBUG:openmmtools.multistate.multistateanalyzer:Deltaf_ij:\n",
      "DEBUG:openmmtools.multistate.multistateanalyzer:   0.000   0.000   0.068   0.727   1.367   1.932   2.400   2.760   3.005   3.131   3.133   3.009   2.755   2.367   1.840   1.170   0.353  -0.616  -1.740  -3.024  -4.475  -6.098  -7.900  -9.888 -12.066 -14.438 -17.008 -19.776 -22.742 -25.903 -29.258 -32.801 -36.525 -40.423 -44.483 -48.685\n",
      "DEBUG:openmmtools.multistate.multistateanalyzer:   0.000   0.000   0.068   0.727   1.367   1.932   2.400   2.760   3.005   3.131   3.133   3.009   2.755   2.367   1.840   1.170   0.353  -0.616  -1.740  -3.024  -4.475  -6.098  -7.900  -9.888 -12.066 -14.438 -17.008 -19.776 -22.742 -25.903 -29.258 -32.801 -36.525 -40.423 -44.483 -48.685\n",
      "DEBUG:openmmtools.multistate.multistateanalyzer:  -0.068  -0.068   0.000   0.658   1.299   1.864   2.332   2.692   2.937   3.063   3.065   2.941   2.687   2.298   1.772   1.102   0.285  -0.684  -1.808  -3.093  -4.543  -6.166  -7.968  -9.956 -12.134 -14.506 -17.076 -19.844 -22.810 -25.972 -29.326 -32.869 -36.593 -40.491 -44.551 -48.753\n",
      "DEBUG:openmmtools.multistate.multistateanalyzer:  -0.727  -0.727  -0.658   0.000   0.641   1.206   1.674   2.033   2.279   2.404   2.406   2.282   2.028   1.640   1.113   0.444  -0.374  -1.342  -2.466  -3.751  -5.202  -6.825  -8.627 -10.614 -12.792 -15.165 -17.734 -20.502 -23.468 -26.630 -29.985 -33.527 -37.251 -41.149 -45.209 -49.411\n",
      "DEBUG:openmmtools.multistate.multistateanalyzer:  -1.367  -1.367  -1.299  -0.641   0.000   0.565   1.033   1.393   1.638   1.764   1.766   1.642   1.388   0.999   0.473  -0.197  -1.014  -1.983  -3.107  -4.391  -5.842  -7.465  -9.267 -11.255 -13.433 -15.805 -18.375 -21.143 -24.109 -27.270 -30.625 -34.168 -37.892 -41.790 -45.850 -50.052\n",
      "DEBUG:openmmtools.multistate.multistateanalyzer:  -1.932  -1.932  -1.864  -1.206  -0.565   0.000   0.468   0.828   1.073   1.199   1.201   1.077   0.823   0.434  -0.092  -0.762  -1.579  -2.548  -3.672  -4.957  -6.407  -8.030  -9.832 -11.820 -13.998 -16.370 -18.940 -21.708 -24.674 -27.836 -31.190 -34.733 -38.457 -42.355 -46.415 -50.617\n",
      "DEBUG:openmmtools.multistate.multistateanalyzer:  -2.400  -2.400  -2.332  -1.674  -1.033  -0.468   0.000   0.360   0.605   0.731   0.733   0.609   0.355  -0.034  -0.560  -1.230  -2.047  -3.016  -4.140  -5.425  -6.875  -8.498 -10.300 -12.288 -14.466 -16.838 -19.408 -22.176 -25.142 -28.304 -31.658 -35.201 -38.925 -42.823 -46.883 -51.085\n",
      "DEBUG:openmmtools.multistate.multistateanalyzer:  -2.760  -2.760  -2.692  -2.033  -1.393  -0.828  -0.360   0.000   0.245   0.371   0.373   0.249  -0.005  -0.393  -0.920  -1.590  -2.407  -3.376  -4.500  -5.784  -7.235  -8.858 -10.660 -12.648 -14.826 -17.198 -19.768 -22.536 -25.502 -28.663 -32.018 -35.561 -39.285 -43.183 -47.243 -51.445\n",
      "DEBUG:openmmtools.multistate.multistateanalyzer:  -3.005  -3.005  -2.937  -2.279  -1.638  -1.073  -0.605  -0.245   0.000   0.126   0.128   0.004  -0.250  -0.639  -1.165  -1.835  -2.652  -3.621  -4.745  -6.030  -7.480  -9.103 -10.905 -12.893 -15.071 -17.443 -20.013 -22.781 -25.747 -28.909 -32.263 -35.806 -39.530 -43.428 -47.488 -51.690\n",
      "DEBUG:openmmtools.multistate.multistateanalyzer:  -3.131  -3.131  -3.063  -2.404  -1.764  -1.199  -0.731  -0.371  -0.126   0.000   0.002  -0.122  -0.376  -0.764  -1.291  -1.961  -2.778  -3.746  -4.871  -6.155  -7.606  -9.229 -11.031 -13.018 -15.196 -17.569 -20.138 -22.906 -25.872 -29.034 -32.389 -35.931 -39.655 -43.553 -47.613 -51.815\n",
