{
 "cells": [
  {
   "cell_type": "code",
   "execution_count": 2,
   "metadata": {},
   "outputs": [
    {
     "name": "stderr",
     "output_type": "stream",
     "text": [
      "Warning: importing 'simtk.openmm' is deprecated.  Import 'openmm' instead.\n"
     ]
    }
   ],
   "source": [
    "from perses.analysis import utils\n",
    "from openmmtools.multistate import MultiStateReporter, MultiStateSamplerAnalyzer\n",
    "from simtk import unit\n",
    "import os\n",
    "import itertools\n",
    "from tqdm import tqdm_notebook\n",
    "import pandas as pd\n",
    "import numpy as np\n",
    "import seaborn as sns\n",
    "import matplotlib.pyplot as plt\n",
    "import logging\n",
    "from perses.analysis import utils\n",
    "\n",
    "from openmmtools.constants import kB\n",
    "KT_KCALMOL = kB * 300 * unit.kelvin / unit.kilocalories_per_mole\n",
    "\n",
    "import warnings\n",
    "warnings.filterwarnings('ignore')"
   ]
  },
  {
   "cell_type": "code",
   "execution_count": 3,
   "metadata": {},
   "outputs": [],
   "source": [
    "class MultiStateReporter2(MultiStateReporter):\n",
    "    def read_energies(self, iteration=slice(None)):\n",
    "        \"\"\"Retrieve the energy matrix at the given iteration on the analysis file\n",
    "        Parameters\n",
    "        ----------\n",
    "        iteration : int or slice\n",
    "            The iteration(s) at which to read the data. The slice(None) allows fetching all iterations at once.\n",
    "        Returns\n",
    "        -------\n",
    "        energy_thermodynamic_states : n_replicas x n_states numpy.ndarray\n",
    "            ``energy_thermodynamic_states[iteration, i, j]`` is the reduced potential computed at\n",
    "            SamplerState ``sampler_states[iteration, i]`` and ThermodynamicState ``thermodynamic_states[iteration, j]``.\n",
    "        energy_neighborhoods : n_replicas x n_states numpy.ndarray\n",
    "            energy_neighborhoods[replica_index, state_index] is 1 if the energy was computed for this state,\n",
    "            0 otherwise\n",
    "        energy_unsampled_states : n_replicas x n_unsampled_states numpy.ndarray\n",
    "            ``energy_unsampled_states[iteration, i, j]`` is the reduced potential computed at SamplerState\n",
    "            ``sampler_states[iteration, i]`` and ThermodynamicState ``unsampled_thermodynamic_states[iteration, j]``.\n",
    "        \"\"\"\n",
    "        # Determine last consistent iteration\n",
    "        iteration = self._map_iteration_to_good(iteration)\n",
    "        # Retrieve energies at all thermodynamic states\n",
    "        energy_thermodynamic_states = np.array(self._storage_analysis.variables['energies'][iteration, :, :], np.float64)\n",
    "        # Retrieve neighborhoods, assuming global neighborhoods if reading a pre-neighborhoods file\n",
    "        try:\n",
    "            energy_neighborhoods = np.array(self._storage_analysis.variables['neighborhoods'][iteration, :, :], 'i1')\n",
    "        except KeyError:\n",
    "            energy_neighborhoods = np.ones(energy_thermodynamic_states.shape, 'i1')\n",
    "        # Read energies at unsampled states, if present\n",
    "#         try:\n",
    "#             energy_unsampled_states = np.array(self._storage_analysis.variables['unsampled_energies'][iteration, :, :], np.float64)\n",
    "#         except KeyError:\n",
    "#             # There are no unsampled thermodynamic states.\n",
    "        unsampled_shape = energy_thermodynamic_states.shape[:-1] + (0,)\n",
    "        energy_unsampled_states = np.zeros(unsampled_shape)\n",
    "        return energy_thermodynamic_states, energy_neighborhoods, energy_unsampled_states\n"
   ]
  },
  {
   "cell_type": "code",
   "execution_count": 4,
   "metadata": {},
   "outputs": [],
   "source": [
    "# Given a path, get dg and ddg\n",
    "def analyze(path):\n",
    "    reporter = MultiStateReporter(path)\n",
    "    analyzer = MultiStateSamplerAnalyzer(reporter)\n",
    "    f_ij, df_ij = analyzer.get_free_energy()\n",
    "    f = f_ij[0,-1] # units = kT\n",
    "#     f = f_ij[0,-1] * analyzer.kT\n",
    "#     dg = f.in_units_of(unit.kilocalories_per_mole)\n",
    "    df = df_ij[0, -1]\n",
    "#     df = df_ij[0, -1] * analyzer.kT\n",
    "#     ddg = df.in_units_of(unit.kilocalories_per_mole)\n",
    "    return f, df\n",
    "\n",
    "def analyze_dom(path):\n",
    "    reporter = MultiStateReporter2(path)\n",
    "    ncfile = utils.open_netcdf(path)\n",
    "    n_iterations = ncfile.variables['last_iteration'][0]\n",
    "    print(f\"n_iterations: {n_iterations}\")\n",
    "    dg, ddg = list(), list()\n",
    "#     iterations_to_analyze = list(range (1, n_iterations, 500)) + [int(n_iterations-1)]\n",
    "    iterations_to_analyze = range(1, n_iterations, 100)\n",
    "    print(list(iterations_to_analyze)) # check that this is giving me the last avail iteration\n",
    "    for step in iterations_to_analyze: \n",
    "        analyzer = MultiStateSamplerAnalyzer(reporter, max_n_iterations=step)\n",
    "        f_ij, df_ij = analyzer.get_free_energy()\n",
    "        dg.append(f_ij[0,-1])\n",
    "        ddg.append(df_ij[0,-1])\n",
    "    # Get final free energy\n",
    "    analyzer = MultiStateSamplerAnalyzer(reporter, max_n_iterations=n_iterations)\n",
    "    f_ij, df_ij = analyzer.get_free_energy()\n",
    "    print(\"Neff: \", analyzer.mbar.computeEffectiveSampleNumber())\n",
    "    dg.append(f_ij[0,-1])\n",
    "    ddg.append(df_ij[0,-1])\n",
    "    return np.array(dg), np.array(ddg), f_ij, df_ij"
   ]
  },
  {
   "cell_type": "markdown",
   "metadata": {},
   "source": [
    "### 1 ns ala -> thr dipeptide in solvent (repex/32/3/11)"
   ]
  },
  {
   "cell_type": "code",
   "execution_count": 5,
   "metadata": {},
   "outputs": [],
   "source": [
    "_logger = logging.getLogger()\n",
    "_logger.setLevel(logging.INFO)"
   ]
  },
  {
   "cell_type": "code",
   "execution_count": 6,
   "metadata": {},
   "outputs": [],
   "source": [
    "main_dir = 32\n",
    "sub_dir = 3\n",
    "chunk = 11\n",
    "titles = ['ALA->THR']"
   ]
  },
  {
   "cell_type": "code",
   "execution_count": 7,
   "metadata": {
    "scrolled": true
   },
   "outputs": [
    {
     "name": "stderr",
     "output_type": "stream",
     "text": [
      "Warning: The openmmtools.multistate API is experimental and may change in future releases\n",
      "Warning: The openmmtools.multistate API is experimental and may change in future releases\n"
     ]
    },
    {
     "name": "stdout",
     "output_type": "stream",
     "text": [
      "analyzing apo\n",
      "n_iterations: 1000\n",
      "[1, 101, 201, 301, 401, 501, 601, 701, 801, 901]\n"
     ]
    },
    {
     "name": "stderr",
     "output_type": "stream",
     "text": [
      "DEBUG:openmmtools.multistate.multistateanalyzer:Isolating restraint force...\n",
      "DEBUG:openmmtools.multistate.multistateanalyzer:No force of type <class 'openmmtools.forces.RadiallySymmetricRestraintForce'> could be found. The restraint will not be unbiased.\n",
      "DEBUG:openmmtools.multistate.multistateanalyzer:Reading energies...\n",
      "DEBUG:openmmtools.multistate.multistatereporter:read_replica_thermodynamic_states: iteration = [   0    1    2 ...  998  999 1000]\n",
      "DEBUG:openmmtools.multistate.multistateanalyzer:Done.\n",
      "DEBUG:openmmtools.multistate.multistateanalyzer:Assembling effective timeseries...\n",
      "DEBUG:openmmtools.multistate.multistateanalyzer:Done.\n",
      "DEBUG:openmmtools.multistate.multistateanalyzer:Could not find t0: None of the requested keys could be found on disk!\n",
      "DEBUG:openmmtools.multistate.multistateanalyzer:Equilibration data:\n",
      "DEBUG:openmmtools.multistate.multistateanalyzer: number of iterations discarded to equilibration : 1\n",
      "DEBUG:openmmtools.multistate.multistateanalyzer: statistical inefficiency of production region   : 1\n",
      "DEBUG:openmmtools.multistate.multistateanalyzer: effective number of uncorrelated samples        : 1\n",
      "DEBUG:openmmtools.multistate.multistateanalyzer:Assembling uncorrelated energies...\n",
      "DEBUG:openmmtools.multistate.multistateanalyzer:Done.\n",
      "DEBUG:openmmtools.multistate.multistateanalyzer:Computing free energy differences...\n",
      "DEBUG:openmmtools.multistate.multistateanalyzer:Done.\n",
      "DEBUG:openmmtools.multistate.multistateanalyzer:Computing covariance matrix...\n",
      "DEBUG:openmmtools.multistate.multistateanalyzer:Deltaf_ij:\n",
      "DEBUG:openmmtools.multistate.multistateanalyzer:   0.000   0.000   1.699   2.841   2.626   0.947  -2.203  -6.856 -13.068 -20.941 -30.515 -41.681\n",
      "DEBUG:openmmtools.multistate.multistateanalyzer:   0.000   0.000   1.699   2.841   2.626   0.947  -2.203  -6.856 -13.068 -20.941 -30.515 -41.681\n",
      "DEBUG:openmmtools.multistate.multistateanalyzer:  -1.699  -1.699   0.000   1.141   0.926  -0.753  -3.903  -8.555 -14.768 -22.640 -32.215 -43.380\n",
      "DEBUG:openmmtools.multistate.multistateanalyzer:  -2.841  -2.841  -1.141   0.000  -0.215  -1.894  -5.044  -9.696 -15.909 -23.781 -33.356 -44.522\n",
      "DEBUG:openmmtools.multistate.multistateanalyzer:  -2.626  -2.626  -0.926   0.215   0.000  -1.679  -4.829  -9.481 -15.694 -23.566 -33.141 -44.307\n",
      "DEBUG:openmmtools.multistate.multistateanalyzer:  -0.947  -0.947   0.753   1.894   1.679   0.000  -3.150  -7.802 -14.015 -21.887 -31.462 -42.627\n",
      "DEBUG:openmmtools.multistate.multistateanalyzer:   2.203   2.203   3.903   5.044   4.829   3.150   0.000  -4.652 -10.865 -18.737 -28.312 -39.478\n",
      "DEBUG:openmmtools.multistate.multistateanalyzer:   6.856   6.856   8.555   9.696   9.481   7.802   4.652   0.000  -6.213 -14.085 -23.660 -34.825\n",
      "DEBUG:openmmtools.multistate.multistateanalyzer:  13.068  13.068  14.768  15.909  15.694  14.015  10.865   6.213   0.000  -7.872 -17.447 -28.612\n",
      "DEBUG:openmmtools.multistate.multistateanalyzer:  20.941  20.941  22.640  23.781  23.566  21.887  18.737  14.085   7.872   0.000  -9.575 -20.740\n",
      "DEBUG:openmmtools.multistate.multistateanalyzer:  30.515  30.515  32.215  33.356  33.141  31.462  28.312  23.660  17.447   9.575   0.000 -11.166\n",
      "DEBUG:openmmtools.multistate.multistateanalyzer:  41.681  41.681  43.380  44.522  44.307  42.627  39.478  34.825  28.612  20.740  11.166   0.000\n",
      "DEBUG:openmmtools.multistate.multistateanalyzer:dDeltaf_ij:\n",
      "DEBUG:openmmtools.multistate.multistateanalyzer:   0.000   0.000   0.118   0.265   0.445   0.595   0.740   0.877   0.997   1.146   1.297   1.396\n",
      "DEBUG:openmmtools.multistate.multistateanalyzer:   0.000   0.000   0.118   0.265   0.445   0.595   0.740   0.877   0.997   1.146   1.297   1.396\n",
      "DEBUG:openmmtools.multistate.multistateanalyzer:   0.118   0.118   0.000   0.161   0.352   0.511   0.668   0.815   0.941   1.098   1.255   1.356\n",
      "DEBUG:openmmtools.multistate.multistateanalyzer:   0.265   0.265   0.161   0.000   0.196   0.369   0.549   0.713   0.851   1.020   1.188   1.295\n",
      "DEBUG:openmmtools.multistate.multistateanalyzer:   0.445   0.445   0.352   0.196   0.000   0.191   0.395   0.578   0.732   0.922   1.104   1.219\n",
      "DEBUG:openmmtools.multistate.multistateanalyzer:   0.595   0.595   0.511   0.369   0.191   0.000   0.214   0.409   0.584   0.802   1.005   1.130\n",
      "DEBUG:openmmtools.multistate.multistateanalyzer:   0.740   0.740   0.668   0.549   0.395   0.214   0.000   0.203   0.407   0.664   0.893   1.029\n",
      "DEBUG:openmmtools.multistate.multistateanalyzer:   0.877   0.877   0.815   0.713   0.578   0.409   0.203   0.000   0.227   0.515   0.763   0.911\n",
      "DEBUG:openmmtools.multistate.multistateanalyzer:   0.997   0.997   0.941   0.851   0.732   0.584   0.407   0.227   0.000   0.300   0.559   0.718\n",
      "DEBUG:openmmtools.multistate.multistateanalyzer:   1.146   1.146   1.098   1.020   0.922   0.802   0.664   0.515   0.300   0.000   0.266   0.439\n",
      "DEBUG:openmmtools.multistate.multistateanalyzer:   1.297   1.297   1.255   1.188   1.104   1.005   0.893   0.763   0.559   0.266   0.000   0.183\n",
      "DEBUG:openmmtools.multistate.multistateanalyzer:   1.396   1.396   1.356   1.295   1.219   1.130   1.029   0.911   0.718   0.439   0.183   0.000\n",
      "WARNING:openmmtools.multistate.multistateanalyzer:Warning: The openmmtools.multistate API is experimental and may change in future releases\n",
      "DEBUG:openmmtools.multistate.multistateanalyzer:Checking if we need to unbias the restraint...\n",
      "DEBUG:openmmtools.multistate.multistateanalyzer:Trying to get radially symmetric restraint data...\n",
      "DEBUG:openmmtools.multistate.multistateanalyzer:Retrieving end thermodynamic states...\n",
      "DEBUG:openmmtools.multistate.multistateanalyzer:Isolating restraint force...\n",
      "DEBUG:openmmtools.multistate.multistateanalyzer:No force of type <class 'openmmtools.forces.RadiallySymmetricRestraintForce'> could be found. The restraint will not be unbiased.\n",
      "DEBUG:openmmtools.multistate.multistateanalyzer:Reading energies...\n",
      "DEBUG:openmmtools.multistate.multistatereporter:read_replica_thermodynamic_states: iteration = [   0    1    2 ...  998  999 1000]\n",
      "DEBUG:openmmtools.multistate.multistateanalyzer:Done.\n",
      "DEBUG:openmmtools.multistate.multistateanalyzer:Assembling effective timeseries...\n",
      "DEBUG:openmmtools.multistate.multistateanalyzer:Done.\n",
      "DEBUG:openmmtools.multistate.multistateanalyzer:Could not find t0: None of the requested keys could be found on disk!\n",
      "DEBUG:openmmtools.multistate.multistateanalyzer:Equilibration data:\n",
      "DEBUG:openmmtools.multistate.multistateanalyzer: number of iterations discarded to equilibration : 4\n",
      "DEBUG:openmmtools.multistate.multistateanalyzer: statistical inefficiency of production region   : 2.8015072345733643\n",
      "DEBUG:openmmtools.multistate.multistateanalyzer: effective number of uncorrelated samples        : 35.33811950683594\n",
      "DEBUG:openmmtools.multistate.multistateanalyzer:Assembling uncorrelated energies...\n",
      "DEBUG:openmmtools.multistate.multistateanalyzer:Done.\n",
      "DEBUG:openmmtools.multistate.multistateanalyzer:Computing free energy differences...\n",
      "DEBUG:openmmtools.multistate.multistateanalyzer:Done.\n",
      "DEBUG:openmmtools.multistate.multistateanalyzer:Computing covariance matrix...\n",
      "DEBUG:openmmtools.multistate.multistateanalyzer:Deltaf_ij:\n",
      "DEBUG:openmmtools.multistate.multistateanalyzer:   0.000   0.000   1.537   2.978   3.252   2.106  -0.584  -4.902 -10.944 -18.845 -28.670 -40.384\n",
      "DEBUG:openmmtools.multistate.multistateanalyzer:   0.000   0.000   1.537   2.978   3.252   2.106  -0.584  -4.902 -10.944 -18.845 -28.670 -40.384\n",
      "DEBUG:openmmtools.multistate.multistateanalyzer:  -1.537  -1.537   0.000   1.442   1.715   0.569  -2.121  -6.439 -12.480 -20.382 -30.207 -41.920\n",
      "DEBUG:openmmtools.multistate.multistateanalyzer:  -2.978  -2.978  -1.442   0.000   0.273  -0.873  -3.563  -7.880 -13.922 -21.823 -31.649 -43.362\n",
      "DEBUG:openmmtools.multistate.multistateanalyzer:  -3.252  -3.252  -1.715  -0.273   0.000  -1.146  -3.836  -8.154 -14.195 -22.097 -31.922 -43.635\n",
      "DEBUG:openmmtools.multistate.multistateanalyzer:  -2.106  -2.106  -0.569   0.873   1.146   0.000  -2.690  -7.008 -13.049 -20.951 -30.776 -42.490\n",
      "DEBUG:openmmtools.multistate.multistateanalyzer:   0.584   0.584   2.121   3.563   3.836   2.690   0.000  -4.317 -10.359 -18.261 -28.086 -39.799\n",
      "DEBUG:openmmtools.multistate.multistateanalyzer:   4.902   4.902   6.439   7.880   8.154   7.008   4.317   0.000  -6.042 -13.943 -23.769 -35.482\n"
     ]
    },
    {
     "name": "stderr",
     "output_type": "stream",
     "text": [
      "DEBUG:openmmtools.multistate.multistateanalyzer:  10.944  10.944  12.480  13.922  14.195  13.049  10.359   6.042   0.000  -7.901 -17.727 -29.440\n",
      "DEBUG:openmmtools.multistate.multistateanalyzer:  18.845  18.845  20.382  21.823  22.097  20.951  18.261  13.943   7.901   0.000  -9.825 -21.539\n",
      "DEBUG:openmmtools.multistate.multistateanalyzer:  28.670  28.670  30.207  31.649  31.922  30.776  28.086  23.769  17.727   9.825   0.000 -11.713\n",
      "DEBUG:openmmtools.multistate.multistateanalyzer:  40.384  40.384  41.920  43.362  43.635  42.490  39.799  35.482  29.440  21.539  11.713   0.000\n",
      "DEBUG:openmmtools.multistate.multistateanalyzer:dDeltaf_ij:\n",
      "DEBUG:openmmtools.multistate.multistateanalyzer:   0.000   0.000   0.071   0.118   0.165   0.209   0.247   0.277   0.304   0.330   0.353   0.375\n",
      "DEBUG:openmmtools.multistate.multistateanalyzer:   0.000   0.000   0.071   0.118   0.165   0.209   0.247   0.277   0.304   0.330   0.353   0.375\n",
      "DEBUG:openmmtools.multistate.multistateanalyzer:   0.071   0.071   0.000   0.059   0.122   0.175   0.219   0.253   0.282   0.310   0.334   0.357\n",
      "DEBUG:openmmtools.multistate.multistateanalyzer:   0.118   0.118   0.059   0.000   0.072   0.136   0.188   0.226   0.259   0.289   0.315   0.339\n",
      "DEBUG:openmmtools.multistate.multistateanalyzer:   0.165   0.165   0.122   0.072   0.000   0.076   0.141   0.187   0.226   0.260   0.287   0.314\n",
      "DEBUG:openmmtools.multistate.multistateanalyzer:   0.209   0.209   0.175   0.136   0.076   0.000   0.075   0.133   0.182   0.222   0.254   0.284\n",
      "DEBUG:openmmtools.multistate.multistateanalyzer:   0.247   0.247   0.219   0.188   0.141   0.075   0.000   0.068   0.130   0.180   0.218   0.253\n",
      "DEBUG:openmmtools.multistate.multistateanalyzer:   0.277   0.277   0.253   0.226   0.187   0.133   0.068   0.000   0.070   0.130   0.177   0.217\n",
      "DEBUG:openmmtools.multistate.multistateanalyzer:   0.304   0.304   0.282   0.259   0.226   0.182   0.130   0.070   0.000   0.067   0.124   0.175\n",
      "DEBUG:openmmtools.multistate.multistateanalyzer:   0.330   0.330   0.310   0.289   0.260   0.222   0.180   0.130   0.067   0.000   0.065   0.126\n",
      "DEBUG:openmmtools.multistate.multistateanalyzer:   0.353   0.353   0.334   0.315   0.287   0.254   0.218   0.177   0.124   0.065   0.000   0.069\n",
      "DEBUG:openmmtools.multistate.multistateanalyzer:   0.375   0.375   0.357   0.339   0.314   0.284   0.253   0.217   0.175   0.126   0.069   0.000\n",
      "WARNING:openmmtools.multistate.multistateanalyzer:Warning: The openmmtools.multistate API is experimental and may change in future releases\n",
      "DEBUG:openmmtools.multistate.multistateanalyzer:Checking if we need to unbias the restraint...\n",
      "DEBUG:openmmtools.multistate.multistateanalyzer:Trying to get radially symmetric restraint data...\n",
      "DEBUG:openmmtools.multistate.multistateanalyzer:Retrieving end thermodynamic states...\n",
      "DEBUG:openmmtools.multistate.multistateanalyzer:Isolating restraint force...\n",
      "DEBUG:openmmtools.multistate.multistateanalyzer:No force of type <class 'openmmtools.forces.RadiallySymmetricRestraintForce'> could be found. The restraint will not be unbiased.\n",
      "DEBUG:openmmtools.multistate.multistateanalyzer:Reading energies...\n",
      "DEBUG:openmmtools.multistate.multistatereporter:read_replica_thermodynamic_states: iteration = [   0    1    2 ...  998  999 1000]\n",
      "DEBUG:openmmtools.multistate.multistateanalyzer:Done.\n",
      "DEBUG:openmmtools.multistate.multistateanalyzer:Assembling effective timeseries...\n",
      "DEBUG:openmmtools.multistate.multistateanalyzer:Done.\n",
      "DEBUG:openmmtools.multistate.multistateanalyzer:Could not find t0: None of the requested keys could be found on disk!\n",
      "DEBUG:openmmtools.multistate.multistateanalyzer:Equilibration data:\n",
      "DEBUG:openmmtools.multistate.multistateanalyzer: number of iterations discarded to equilibration : 3\n",
      "DEBUG:openmmtools.multistate.multistateanalyzer: statistical inefficiency of production region   : 3.270268440246582\n",
      "DEBUG:openmmtools.multistate.multistateanalyzer: effective number of uncorrelated samples        : 61.15705871582031\n",
      "DEBUG:openmmtools.multistate.multistateanalyzer:Assembling uncorrelated energies...\n",
      "DEBUG:openmmtools.multistate.multistateanalyzer:Done.\n",
      "DEBUG:openmmtools.multistate.multistateanalyzer:Computing free energy differences...\n",
      "DEBUG:openmmtools.multistate.multistateanalyzer:Done.\n",
      "DEBUG:openmmtools.multistate.multistateanalyzer:Computing covariance matrix...\n",
      "DEBUG:openmmtools.multistate.multistateanalyzer:Deltaf_ij:\n",
      "DEBUG:openmmtools.multistate.multistateanalyzer:   0.000   0.000   1.513   2.949   3.176   1.994  -0.660  -4.843 -10.696 -18.396 -28.057 -39.664\n",
      "DEBUG:openmmtools.multistate.multistateanalyzer:   0.000   0.000   1.513   2.949   3.176   1.994  -0.660  -4.843 -10.696 -18.396 -28.057 -39.664\n",
      "DEBUG:openmmtools.multistate.multistateanalyzer:  -1.513  -1.513   0.000   1.436   1.663   0.481  -2.173  -6.356 -12.208 -19.909 -29.570 -41.177\n",
      "DEBUG:openmmtools.multistate.multistateanalyzer:  -2.949  -2.949  -1.436   0.000   0.227  -0.955  -3.609  -7.792 -13.645 -21.345 -31.006 -42.613\n",
      "DEBUG:openmmtools.multistate.multistateanalyzer:  -3.176  -3.176  -1.663  -0.227   0.000  -1.182  -3.836  -8.020 -13.872 -21.573 -31.233 -42.840\n",
      "DEBUG:openmmtools.multistate.multistateanalyzer:  -1.994  -1.994  -0.481   0.955   1.182   0.000  -2.654  -6.837 -12.689 -20.390 -30.050 -41.658\n",
      "DEBUG:openmmtools.multistate.multistateanalyzer:   0.660   0.660   2.173   3.609   3.836   2.654   0.000  -4.183 -10.035 -17.736 -27.397 -39.004\n",
      "DEBUG:openmmtools.multistate.multistateanalyzer:   4.843   4.843   6.356   7.792   8.020   6.837   4.183   0.000  -5.852 -13.553 -23.213 -34.821\n",
      "DEBUG:openmmtools.multistate.multistateanalyzer:  10.696  10.696  12.208  13.645  13.872  12.689  10.035   5.852   0.000  -7.701 -17.361 -28.969\n",
      "DEBUG:openmmtools.multistate.multistateanalyzer:  18.396  18.396  19.909  21.345  21.573  20.390  17.736  13.553   7.701   0.000  -9.660 -21.268\n",
      "DEBUG:openmmtools.multistate.multistateanalyzer:  28.057  28.057  29.570  31.006  31.233  30.050  27.397  23.213  17.361   9.660   0.000 -11.607\n",
      "DEBUG:openmmtools.multistate.multistateanalyzer:  39.664  39.664  41.177  42.613  42.840  41.658  39.004  34.821  28.969  21.268  11.607   0.000\n",
      "DEBUG:openmmtools.multistate.multistateanalyzer:dDeltaf_ij:\n",
      "DEBUG:openmmtools.multistate.multistateanalyzer:   0.000   0.000   0.053   0.092   0.129   0.161   0.186   0.207   0.228   0.249   0.267   0.285\n",
      "DEBUG:openmmtools.multistate.multistateanalyzer:   0.000   0.000   0.053   0.092   0.129   0.161   0.186   0.207   0.228   0.249   0.267   0.285\n",
      "DEBUG:openmmtools.multistate.multistateanalyzer:   0.053   0.053   0.000   0.049   0.096   0.136   0.165   0.188   0.211   0.233   0.253   0.272\n",
      "DEBUG:openmmtools.multistate.multistateanalyzer:   0.092   0.092   0.049   0.000   0.055   0.104   0.139   0.166   0.191   0.216   0.237   0.257\n",
      "DEBUG:openmmtools.multistate.multistateanalyzer:   0.129   0.129   0.096   0.055   0.000   0.056   0.100   0.134   0.165   0.193   0.216   0.238\n",
      "DEBUG:openmmtools.multistate.multistateanalyzer:   0.161   0.161   0.136   0.104   0.056   0.000   0.052   0.095   0.134   0.167   0.193   0.217\n",
      "DEBUG:openmmtools.multistate.multistateanalyzer:   0.186   0.186   0.165   0.139   0.100   0.052   0.000   0.050   0.098   0.138   0.169   0.196\n",
      "DEBUG:openmmtools.multistate.multistateanalyzer:   0.207   0.207   0.188   0.166   0.134   0.095   0.050   0.000   0.054   0.101   0.138   0.171\n",
      "DEBUG:openmmtools.multistate.multistateanalyzer:   0.228   0.228   0.211   0.191   0.165   0.134   0.098   0.054   0.000   0.053   0.099   0.139\n",
      "DEBUG:openmmtools.multistate.multistateanalyzer:   0.249   0.249   0.233   0.216   0.193   0.167   0.138   0.101   0.053   0.000   0.052   0.101\n",
      "DEBUG:openmmtools.multistate.multistateanalyzer:   0.267   0.267   0.253   0.237   0.216   0.193   0.169   0.138   0.099   0.052   0.000   0.055\n",
      "DEBUG:openmmtools.multistate.multistateanalyzer:   0.285   0.285   0.272   0.257   0.238   0.217   0.196   0.171   0.139   0.101   0.055   0.000\n",
      "WARNING:openmmtools.multistate.multistateanalyzer:Warning: The openmmtools.multistate API is experimental and may change in future releases\n",
      "DEBUG:openmmtools.multistate.multistateanalyzer:Checking if we need to unbias the restraint...\n",
      "DEBUG:openmmtools.multistate.multistateanalyzer:Trying to get radially symmetric restraint data...\n"
     ]
    },
    {
     "name": "stderr",
     "output_type": "stream",
     "text": [
      "DEBUG:openmmtools.multistate.multistateanalyzer:Retrieving end thermodynamic states...\n",
      "DEBUG:openmmtools.multistate.multistateanalyzer:Isolating restraint force...\n",
      "DEBUG:openmmtools.multistate.multistateanalyzer:No force of type <class 'openmmtools.forces.RadiallySymmetricRestraintForce'> could be found. The restraint will not be unbiased.\n",
      "DEBUG:openmmtools.multistate.multistateanalyzer:Reading energies...\n",
      "DEBUG:openmmtools.multistate.multistatereporter:read_replica_thermodynamic_states: iteration = [   0    1    2 ...  998  999 1000]\n",
      "DEBUG:openmmtools.multistate.multistateanalyzer:Done.\n",
      "DEBUG:openmmtools.multistate.multistateanalyzer:Assembling effective timeseries...\n",
      "DEBUG:openmmtools.multistate.multistateanalyzer:Done.\n",
      "DEBUG:openmmtools.multistate.multistateanalyzer:Could not find t0: None of the requested keys could be found on disk!\n",
      "DEBUG:openmmtools.multistate.multistateanalyzer:Equilibration data:\n",
      "DEBUG:openmmtools.multistate.multistateanalyzer: number of iterations discarded to equilibration : 1\n",
      "DEBUG:openmmtools.multistate.multistateanalyzer: statistical inefficiency of production region   : 3.4847586154937744\n",
      "DEBUG:openmmtools.multistate.multistateanalyzer: effective number of uncorrelated samples        : 86.66310119628906\n",
      "DEBUG:openmmtools.multistate.multistateanalyzer:Assembling uncorrelated energies...\n",
      "DEBUG:openmmtools.multistate.multistateanalyzer:Done.\n",
      "DEBUG:openmmtools.multistate.multistateanalyzer:Computing free energy differences...\n",
      "DEBUG:openmmtools.multistate.multistateanalyzer:Done.\n",
      "DEBUG:openmmtools.multistate.multistateanalyzer:Computing covariance matrix...\n",
      "DEBUG:openmmtools.multistate.multistateanalyzer:Deltaf_ij:\n",
      "DEBUG:openmmtools.multistate.multistateanalyzer:   0.000   0.000   1.473   2.873   3.122   2.030  -0.555  -4.741 -10.603 -18.289 -27.930 -39.546\n",
      "DEBUG:openmmtools.multistate.multistateanalyzer:   0.000   0.000   1.473   2.873   3.122   2.030  -0.555  -4.741 -10.603 -18.289 -27.930 -39.546\n",
      "DEBUG:openmmtools.multistate.multistateanalyzer:  -1.473  -1.473   0.000   1.400   1.649   0.557  -2.028  -6.214 -12.076 -19.762 -29.403 -41.019\n",
      "DEBUG:openmmtools.multistate.multistateanalyzer:  -2.873  -2.873  -1.400   0.000   0.249  -0.843  -3.428  -7.614 -13.476 -21.162 -30.803 -42.419\n",
      "DEBUG:openmmtools.multistate.multistateanalyzer:  -3.122  -3.122  -1.649  -0.249   0.000  -1.092  -3.677  -7.863 -13.725 -21.411 -31.052 -42.669\n",
      "DEBUG:openmmtools.multistate.multistateanalyzer:  -2.030  -2.030  -0.557   0.843   1.092   0.000  -2.585  -6.771 -12.634 -20.320 -29.960 -41.577\n",
      "DEBUG:openmmtools.multistate.multistateanalyzer:   0.555   0.555   2.028   3.428   3.677   2.585   0.000  -4.186 -10.048 -17.734 -27.375 -38.992\n",
      "DEBUG:openmmtools.multistate.multistateanalyzer:   4.741   4.741   6.214   7.614   7.863   6.771   4.186   0.000  -5.863 -13.548 -23.189 -34.806\n",
      "DEBUG:openmmtools.multistate.multistateanalyzer:  10.603  10.603  12.076  13.476  13.725  12.634  10.048   5.863   0.000  -7.686 -17.327 -28.943\n",
      "DEBUG:openmmtools.multistate.multistateanalyzer:  18.289  18.289  19.762  21.162  21.411  20.320  17.734  13.548   7.686   0.000  -9.641 -21.257\n",
      "DEBUG:openmmtools.multistate.multistateanalyzer:  27.930  27.930  29.403  30.803  31.052  29.960  27.375  23.189  17.327   9.641   0.000 -11.617\n",
      "DEBUG:openmmtools.multistate.multistateanalyzer:  39.546  39.546  41.019  42.419  42.669  41.577  38.992  34.806  28.943  21.257  11.617   0.000\n",
      "DEBUG:openmmtools.multistate.multistateanalyzer:dDeltaf_ij:\n",
      "DEBUG:openmmtools.multistate.multistateanalyzer:   0.000   0.000   0.046   0.076   0.104   0.131   0.156   0.177   0.194   0.210   0.225   0.241\n",
      "DEBUG:openmmtools.multistate.multistateanalyzer:   0.000   0.000   0.046   0.076   0.104   0.131   0.156   0.177   0.194   0.210   0.225   0.241\n",
      "DEBUG:openmmtools.multistate.multistateanalyzer:   0.046   0.046   0.000   0.038   0.075   0.109   0.139   0.161   0.180   0.197   0.213   0.230\n",
      "DEBUG:openmmtools.multistate.multistateanalyzer:   0.076   0.076   0.038   0.000   0.043   0.084   0.120   0.145   0.165   0.184   0.201   0.219\n",
      "DEBUG:openmmtools.multistate.multistateanalyzer:   0.104   0.104   0.075   0.043   0.000   0.048   0.091   0.122   0.145   0.166   0.185   0.204\n",
      "DEBUG:openmmtools.multistate.multistateanalyzer:   0.131   0.131   0.109   0.084   0.048   0.000   0.049   0.088   0.117   0.143   0.164   0.185\n",
      "DEBUG:openmmtools.multistate.multistateanalyzer:   0.156   0.156   0.139   0.120   0.091   0.049   0.000   0.045   0.083   0.114   0.140   0.165\n",
      "DEBUG:openmmtools.multistate.multistateanalyzer:   0.177   0.177   0.161   0.145   0.122   0.088   0.045   0.000   0.043   0.082   0.114   0.143\n",
      "DEBUG:openmmtools.multistate.multistateanalyzer:   0.194   0.194   0.180   0.165   0.145   0.117   0.083   0.043   0.000   0.044   0.082   0.117\n",
      "DEBUG:openmmtools.multistate.multistateanalyzer:   0.210   0.210   0.197   0.184   0.166   0.143   0.114   0.082   0.044   0.000   0.044   0.087\n",
      "DEBUG:openmmtools.multistate.multistateanalyzer:   0.225   0.225   0.213   0.201   0.185   0.164   0.140   0.114   0.082   0.044   0.000   0.049\n",
      "DEBUG:openmmtools.multistate.multistateanalyzer:   0.241   0.241   0.230   0.219   0.204   0.185   0.165   0.143   0.117   0.087   0.049   0.000\n",
      "WARNING:openmmtools.multistate.multistateanalyzer:Warning: The openmmtools.multistate API is experimental and may change in future releases\n",
      "DEBUG:openmmtools.multistate.multistateanalyzer:Checking if we need to unbias the restraint...\n",
      "DEBUG:openmmtools.multistate.multistateanalyzer:Trying to get radially symmetric restraint data...\n",
      "DEBUG:openmmtools.multistate.multistateanalyzer:Retrieving end thermodynamic states...\n",
      "DEBUG:openmmtools.multistate.multistateanalyzer:Isolating restraint force...\n",
      "DEBUG:openmmtools.multistate.multistateanalyzer:No force of type <class 'openmmtools.forces.RadiallySymmetricRestraintForce'> could be found. The restraint will not be unbiased.\n",
      "DEBUG:openmmtools.multistate.multistateanalyzer:Reading energies...\n",
      "DEBUG:openmmtools.multistate.multistatereporter:read_replica_thermodynamic_states: iteration = [   0    1    2 ...  998  999 1000]\n",
      "DEBUG:openmmtools.multistate.multistateanalyzer:Done.\n",
      "DEBUG:openmmtools.multistate.multistateanalyzer:Assembling effective timeseries...\n",
      "DEBUG:openmmtools.multistate.multistateanalyzer:Done.\n",
      "DEBUG:openmmtools.multistate.multistateanalyzer:Could not find t0: None of the requested keys could be found on disk!\n",
      "DEBUG:openmmtools.multistate.multistateanalyzer:Equilibration data:\n",
      "DEBUG:openmmtools.multistate.multistateanalyzer: number of iterations discarded to equilibration : 1\n",
      "DEBUG:openmmtools.multistate.multistateanalyzer: statistical inefficiency of production region   : 3.516618490219116\n",
      "DEBUG:openmmtools.multistate.multistateanalyzer: effective number of uncorrelated samples        : 114.31436157226562\n",
      "DEBUG:openmmtools.multistate.multistateanalyzer:Assembling uncorrelated energies...\n",
      "DEBUG:openmmtools.multistate.multistateanalyzer:Done.\n",
      "DEBUG:openmmtools.multistate.multistateanalyzer:Computing free energy differences...\n",
      "DEBUG:openmmtools.multistate.multistateanalyzer:Done.\n",
      "DEBUG:openmmtools.multistate.multistateanalyzer:Computing covariance matrix...\n",
      "DEBUG:openmmtools.multistate.multistateanalyzer:Deltaf_ij:\n",
      "DEBUG:openmmtools.multistate.multistateanalyzer:   0.000   0.000   1.468   2.821   2.990   1.821  -0.795  -4.962 -10.843 -18.624 -28.386 -40.048\n",
      "DEBUG:openmmtools.multistate.multistateanalyzer:   0.000   0.000   1.468   2.821   2.990   1.821  -0.795  -4.962 -10.843 -18.624 -28.386 -40.048\n",
      "DEBUG:openmmtools.multistate.multistateanalyzer:  -1.468  -1.468   0.000   1.352   1.522   0.352  -2.263  -6.430 -12.311 -20.092 -29.854 -41.517\n",
      "DEBUG:openmmtools.multistate.multistateanalyzer:  -2.821  -2.821  -1.352   0.000   0.169  -1.000  -3.616  -7.782 -13.664 -21.445 -31.206 -42.869\n",
      "DEBUG:openmmtools.multistate.multistateanalyzer:  -2.990  -2.990  -1.522  -0.169   0.000  -1.169  -3.785  -7.951 -13.833 -21.614 -31.376 -43.038\n",
      "DEBUG:openmmtools.multistate.multistateanalyzer:  -1.821  -1.821  -0.352   1.000   1.169   0.000  -2.616  -6.782 -12.664 -20.445 -30.207 -41.869\n",
      "DEBUG:openmmtools.multistate.multistateanalyzer:   0.795   0.795   2.263   3.616   3.785   2.616   0.000  -4.166 -10.048 -17.829 -27.591 -39.253\n"
     ]
    },
    {
     "name": "stderr",
     "output_type": "stream",
     "text": [
      "DEBUG:openmmtools.multistate.multistateanalyzer:   4.962   4.962   6.430   7.782   7.951   6.782   4.166   0.000  -5.881 -13.663 -23.424 -35.087\n",
      "DEBUG:openmmtools.multistate.multistateanalyzer:  10.843  10.843  12.311  13.664  13.833  12.664  10.048   5.881   0.000  -7.781 -17.543 -29.205\n",
      "DEBUG:openmmtools.multistate.multistateanalyzer:  18.624  18.624  20.092  21.445  21.614  20.445  17.829  13.663   7.781   0.000  -9.762 -21.424\n",
      "DEBUG:openmmtools.multistate.multistateanalyzer:  28.386  28.386  29.854  31.206  31.376  30.207  27.591  23.424  17.543   9.762   0.000 -11.663\n",
      "DEBUG:openmmtools.multistate.multistateanalyzer:  40.048  40.048  41.517  42.869  43.038  41.869  39.253  35.087  29.205  21.424  11.663   0.000\n",
      "DEBUG:openmmtools.multistate.multistateanalyzer:dDeltaf_ij:\n",
      "DEBUG:openmmtools.multistate.multistateanalyzer:   0.000   0.000   0.041   0.069   0.093   0.114   0.133   0.151   0.168   0.184   0.197   0.209\n",
      "DEBUG:openmmtools.multistate.multistateanalyzer:   0.000   0.000   0.041   0.069   0.093   0.114   0.133   0.151   0.168   0.184   0.197   0.209\n",
      "DEBUG:openmmtools.multistate.multistateanalyzer:   0.041   0.041   0.000   0.035   0.067   0.094   0.117   0.136   0.155   0.172   0.187   0.199\n",
      "DEBUG:openmmtools.multistate.multistateanalyzer:   0.069   0.069   0.035   0.000   0.038   0.072   0.099   0.121   0.142   0.160   0.176   0.190\n",
      "DEBUG:openmmtools.multistate.multistateanalyzer:   0.093   0.093   0.067   0.038   0.000   0.040   0.074   0.101   0.125   0.146   0.163   0.177\n",
      "DEBUG:openmmtools.multistate.multistateanalyzer:   0.114   0.114   0.094   0.072   0.040   0.000   0.039   0.074   0.103   0.127   0.147   0.163\n",
      "DEBUG:openmmtools.multistate.multistateanalyzer:   0.133   0.133   0.117   0.099   0.074   0.039   0.000   0.040   0.076   0.105   0.128   0.146\n",
      "DEBUG:openmmtools.multistate.multistateanalyzer:   0.151   0.151   0.136   0.121   0.101   0.074   0.040   0.000   0.041   0.077   0.105   0.126\n",
      "DEBUG:openmmtools.multistate.multistateanalyzer:   0.168   0.168   0.155   0.142   0.125   0.103   0.076   0.041   0.000   0.041   0.074   0.101\n",
      "DEBUG:openmmtools.multistate.multistateanalyzer:   0.184   0.184   0.172   0.160   0.146   0.127   0.105   0.077   0.041   0.000   0.038   0.071\n",
      "DEBUG:openmmtools.multistate.multistateanalyzer:   0.197   0.197   0.187   0.176   0.163   0.147   0.128   0.105   0.074   0.038   0.000   0.037\n",
      "DEBUG:openmmtools.multistate.multistateanalyzer:   0.209   0.209   0.199   0.190   0.177   0.163   0.146   0.126   0.101   0.071   0.037   0.000\n",
      "WARNING:openmmtools.multistate.multistateanalyzer:Warning: The openmmtools.multistate API is experimental and may change in future releases\n",
      "DEBUG:openmmtools.multistate.multistateanalyzer:Checking if we need to unbias the restraint...\n",
      "DEBUG:openmmtools.multistate.multistateanalyzer:Trying to get radially symmetric restraint data...\n",
      "DEBUG:openmmtools.multistate.multistateanalyzer:Retrieving end thermodynamic states...\n",
      "DEBUG:openmmtools.multistate.multistateanalyzer:Isolating restraint force...\n",
      "DEBUG:openmmtools.multistate.multistateanalyzer:No force of type <class 'openmmtools.forces.RadiallySymmetricRestraintForce'> could be found. The restraint will not be unbiased.\n",
      "DEBUG:openmmtools.multistate.multistateanalyzer:Reading energies...\n",
      "DEBUG:openmmtools.multistate.multistatereporter:read_replica_thermodynamic_states: iteration = [   0    1    2 ...  998  999 1000]\n",
      "DEBUG:openmmtools.multistate.multistateanalyzer:Done.\n",
      "DEBUG:openmmtools.multistate.multistateanalyzer:Assembling effective timeseries...\n",
      "DEBUG:openmmtools.multistate.multistateanalyzer:Done.\n",
      "DEBUG:openmmtools.multistate.multistateanalyzer:Could not find t0: None of the requested keys could be found on disk!\n",
      "DEBUG:openmmtools.multistate.multistateanalyzer:Equilibration data:\n",
      "DEBUG:openmmtools.multistate.multistateanalyzer: number of iterations discarded to equilibration : 1\n",
      "DEBUG:openmmtools.multistate.multistateanalyzer: statistical inefficiency of production region   : 3.599026679992676\n",
      "DEBUG:openmmtools.multistate.multistateanalyzer: effective number of uncorrelated samples        : 139.48216247558594\n",
      "DEBUG:openmmtools.multistate.multistateanalyzer:Assembling uncorrelated energies...\n",
      "DEBUG:openmmtools.multistate.multistateanalyzer:Done.\n",
      "DEBUG:openmmtools.multistate.multistateanalyzer:Computing free energy differences...\n",
      "DEBUG:openmmtools.multistate.multistateanalyzer:Done.\n",
      "DEBUG:openmmtools.multistate.multistateanalyzer:Computing covariance matrix...\n",
      "DEBUG:openmmtools.multistate.multistateanalyzer:Deltaf_ij:\n",
      "DEBUG:openmmtools.multistate.multistateanalyzer:   0.000   0.000   1.423   2.789   3.018   1.897  -0.699  -4.894 -10.818 -18.614 -28.355 -39.965\n",
      "DEBUG:openmmtools.multistate.multistateanalyzer:   0.000   0.000   1.423   2.789   3.018   1.897  -0.699  -4.894 -10.818 -18.614 -28.355 -39.965\n",
      "DEBUG:openmmtools.multistate.multistateanalyzer:  -1.423  -1.423   0.000   1.367   1.595   0.474  -2.122  -6.317 -12.241 -20.036 -29.778 -41.388\n",
      "DEBUG:openmmtools.multistate.multistateanalyzer:  -2.789  -2.789  -1.367   0.000   0.229  -0.892  -3.488  -7.683 -13.608 -21.403 -31.145 -42.754\n",
      "DEBUG:openmmtools.multistate.multistateanalyzer:  -3.018  -3.018  -1.595  -0.229   0.000  -1.121  -3.717  -7.912 -13.836 -21.632 -31.373 -42.983\n",
