{
 "cells": [
  {
   "cell_type": "code",
   "execution_count": 1,
   "metadata": {},
   "outputs": [
    {
     "name": "stderr",
     "output_type": "stream",
     "text": [
      "Warning: importing 'simtk.openmm' is deprecated.  Import 'openmm' instead.\n"
     ]
    }
   ],
   "source": [
    "from perses.analysis import utils\n",
    "from openmmtools.multistate import MultiStateReporter, MultiStateSamplerAnalyzer\n",
    "from simtk import unit\n",
    "import os\n",
    "import itertools\n",
    "from tqdm import tqdm_notebook\n",
    "import pandas as pd\n",
    "import numpy as np\n",
    "import seaborn as sns\n",
    "import matplotlib.pyplot as plt\n",
    "import logging\n",
    "from perses.analysis import utils\n",
    "\n",
    "from openmmtools.constants import kB\n",
    "KT_KCALMOL = kB * 300 * unit.kelvin / unit.kilocalories_per_mole\n",
    "\n",
    "import warnings\n",
    "warnings.filterwarnings('ignore')"
   ]
  },
  {
   "cell_type": "code",
   "execution_count": 2,
   "metadata": {},
   "outputs": [],
   "source": [
    "class MultiStateReporter2(MultiStateReporter):\n",
    "    def read_energies(self, iteration=slice(None)):\n",
    "        \"\"\"Retrieve the energy matrix at the given iteration on the analysis file\n",
    "        Parameters\n",
    "        ----------\n",
    "        iteration : int or slice\n",
    "            The iteration(s) at which to read the data. The slice(None) allows fetching all iterations at once.\n",
    "        Returns\n",
    "        -------\n",
    "        energy_thermodynamic_states : n_replicas x n_states numpy.ndarray\n",
    "            ``energy_thermodynamic_states[iteration, i, j]`` is the reduced potential computed at\n",
    "            SamplerState ``sampler_states[iteration, i]`` and ThermodynamicState ``thermodynamic_states[iteration, j]``.\n",
    "        energy_neighborhoods : n_replicas x n_states numpy.ndarray\n",
    "            energy_neighborhoods[replica_index, state_index] is 1 if the energy was computed for this state,\n",
    "            0 otherwise\n",
    "        energy_unsampled_states : n_replicas x n_unsampled_states numpy.ndarray\n",
    "            ``energy_unsampled_states[iteration, i, j]`` is the reduced potential computed at SamplerState\n",
    "            ``sampler_states[iteration, i]`` and ThermodynamicState ``unsampled_thermodynamic_states[iteration, j]``.\n",
    "        \"\"\"\n",
    "        # Determine last consistent iteration\n",
    "        iteration = self._map_iteration_to_good(iteration)\n",
    "        # Retrieve energies at all thermodynamic states\n",
    "        energy_thermodynamic_states = np.array(self._storage_analysis.variables['energies'][iteration, :, :], np.float64)\n",
    "        # Retrieve neighborhoods, assuming global neighborhoods if reading a pre-neighborhoods file\n",
    "        try:\n",
    "            energy_neighborhoods = np.array(self._storage_analysis.variables['neighborhoods'][iteration, :, :], 'i1')\n",
    "        except KeyError:\n",
    "            energy_neighborhoods = np.ones(energy_thermodynamic_states.shape, 'i1')\n",
    "        # Read energies at unsampled states, if present\n",
    "#         try:\n",
    "#             energy_unsampled_states = np.array(self._storage_analysis.variables['unsampled_energies'][iteration, :, :], np.float64)\n",
    "#         except KeyError:\n",
    "#             # There are no unsampled thermodynamic states.\n",
    "        unsampled_shape = energy_thermodynamic_states.shape[:-1] + (0,)\n",
    "        energy_unsampled_states = np.zeros(unsampled_shape)\n",
    "        return energy_thermodynamic_states, energy_neighborhoods, energy_unsampled_states\n"
   ]
  },
  {
   "cell_type": "code",
   "execution_count": 3,
   "metadata": {},
   "outputs": [],
   "source": [
    "# Given a path, get dg and ddg\n",
    "def analyze(path):\n",
    "    reporter = MultiStateReporter(path)\n",
    "    analyzer = MultiStateSamplerAnalyzer(reporter)\n",
    "    f_ij, df_ij = analyzer.get_free_energy()\n",
    "    f = f_ij[0,-1] # units = kT\n",
    "#     f = f_ij[0,-1] * analyzer.kT\n",
    "#     dg = f.in_units_of(unit.kilocalories_per_mole)\n",
    "    df = df_ij[0, -1]\n",
    "#     df = df_ij[0, -1] * analyzer.kT\n",
    "#     ddg = df.in_units_of(unit.kilocalories_per_mole)\n",
    "    return f, df\n",
    "\n",
    "def analyze_dom(path):\n",
    "    reporter = MultiStateReporter2(path)\n",
    "    ncfile = utils.open_netcdf(path)\n",
    "    n_iterations = ncfile.variables['last_iteration'][0]\n",
    "    print(f\"n_iterations: {n_iterations}\")\n",
    "    dg, ddg = list(), list()\n",
    "#     iterations_to_analyze = list(range (1, n_iterations, 500)) + [int(n_iterations-1)]\n",
    "    iterations_to_analyze = range(1, n_iterations, 100)\n",
    "    print(list(iterations_to_analyze)) # check that this is giving me the last avail iteration\n",
    "    for step in iterations_to_analyze: \n",
    "        analyzer = MultiStateSamplerAnalyzer(reporter, max_n_iterations=step)\n",
    "        f_ij, df_ij = analyzer.get_free_energy()\n",
    "        dg.append(f_ij[0,-1])\n",
    "        ddg.append(df_ij[0,-1])\n",
    "    # Get final free energy\n",
    "    analyzer = MultiStateSamplerAnalyzer(reporter, max_n_iterations=n_iterations)\n",
    "    f_ij, df_ij = analyzer.get_free_energy()\n",
    "    print(\"Neff: \", analyzer.mbar.computeEffectiveSampleNumber())\n",
    "    dg.append(f_ij[0,-1])\n",
    "    ddg.append(df_ij[0,-1])\n",
    "    return np.array(dg), np.array(ddg), f_ij, df_ij"
   ]
  },
  {
   "cell_type": "markdown",
   "metadata": {},
   "source": [
    "### 1 ns ala -> thr dipeptide in solvent (repex/32/3/16)"
   ]
  },
  {
   "cell_type": "code",
   "execution_count": 4,
   "metadata": {},
   "outputs": [],
   "source": [
    "_logger = logging.getLogger()\n",
    "_logger.setLevel(logging.INFO)"
   ]
  },
  {
   "cell_type": "code",
   "execution_count": 5,
   "metadata": {},
   "outputs": [],
   "source": [
    "main_dir = 32\n",
    "sub_dir = 3\n",
    "chunk = 16\n",
    "titles = ['ALA->THR']"
   ]
  },
  {
   "cell_type": "code",
   "execution_count": 6,
   "metadata": {
    "scrolled": true
   },
   "outputs": [
    {
     "name": "stderr",
     "output_type": "stream",
     "text": [
      "Warning: The openmmtools.multistate API is experimental and may change in future releases\n",
      "Warning: The openmmtools.multistate API is experimental and may change in future releases\n"
     ]
    },
    {
     "name": "stdout",
     "output_type": "stream",
     "text": [
      "analyzing apo\n",
      "n_iterations: 1000\n",
      "[1, 101, 201, 301, 401, 501, 601, 701, 801, 901]\n"
     ]
    },
    {
     "name": "stderr",
     "output_type": "stream",
     "text": [
      "DEBUG:openmmtools.multistate.multistateanalyzer:Isolating restraint force...\n",
      "DEBUG:openmmtools.multistate.multistateanalyzer:No force of type <class 'openmmtools.forces.RadiallySymmetricRestraintForce'> could be found. The restraint will not be unbiased.\n",
      "DEBUG:openmmtools.multistate.multistateanalyzer:Reading energies...\n",
      "DEBUG:openmmtools.multistate.multistatereporter:read_replica_thermodynamic_states: iteration = [   0    1    2 ...  998  999 1000]\n",
      "DEBUG:openmmtools.multistate.multistateanalyzer:Done.\n",
      "DEBUG:openmmtools.multistate.multistateanalyzer:Assembling effective timeseries...\n",
      "DEBUG:openmmtools.multistate.multistateanalyzer:Done.\n",
      "DEBUG:openmmtools.multistate.multistateanalyzer:Could not find t0: None of the requested keys could be found on disk!\n",
      "DEBUG:openmmtools.multistate.multistateanalyzer:Equilibration data:\n",
      "DEBUG:openmmtools.multistate.multistateanalyzer: number of iterations discarded to equilibration : 1\n",
      "DEBUG:openmmtools.multistate.multistateanalyzer: statistical inefficiency of production region   : 1\n",
      "DEBUG:openmmtools.multistate.multistateanalyzer: effective number of uncorrelated samples        : 1\n",
      "DEBUG:openmmtools.multistate.multistateanalyzer:Assembling uncorrelated energies...\n",
      "DEBUG:openmmtools.multistate.multistateanalyzer:Done.\n",
      "DEBUG:openmmtools.multistate.multistateanalyzer:Computing free energy differences...\n",
      "DEBUG:openmmtools.multistate.multistateanalyzer:Done.\n",
      "DEBUG:openmmtools.multistate.multistateanalyzer:Computing covariance matrix...\n",
      "DEBUG:openmmtools.multistate.multistateanalyzer:Deltaf_ij:\n",
      "DEBUG:openmmtools.multistate.multistateanalyzer:   0.000   0.000   0.657   1.615   2.343   2.793   2.932   2.735   2.189   1.297   0.067  -1.498  -3.401  -5.654  -8.264 -11.238 -14.580 -18.294 -22.392 -26.890 -31.800 -37.129 -42.864 -48.978\n",
      "DEBUG:openmmtools.multistate.multistateanalyzer:   0.000   0.000   0.657   1.615   2.343   2.793   2.932   2.735   2.189   1.297   0.067  -1.498  -3.401  -5.654  -8.264 -11.238 -14.580 -18.294 -22.392 -26.890 -31.800 -37.129 -42.864 -48.978\n",
      "DEBUG:openmmtools.multistate.multistateanalyzer:  -0.657  -0.657   0.000   0.958   1.686   2.135   2.274   2.077   1.532   0.640  -0.590  -2.155  -4.059  -6.311  -8.921 -11.896 -15.237 -18.951 -23.050 -27.547 -32.457 -37.786 -43.522 -49.635\n",
      "DEBUG:openmmtools.multistate.multistateanalyzer:  -1.615  -1.615  -0.958   0.000   0.729   1.178   1.317   1.120   0.574  -0.318  -1.548  -3.113  -5.016  -7.268  -9.879 -12.853 -16.195 -19.909 -24.007 -28.504 -33.415 -38.744 -44.479 -50.592\n",
      "DEBUG:openmmtools.multistate.multistateanalyzer:  -2.343  -2.343  -1.686  -0.729   0.000   0.449   0.588   0.391  -0.154  -1.046  -2.277  -3.841  -5.745  -7.997 -10.608 -13.582 -16.923 -20.638 -24.736 -29.233 -34.144 -39.472 -45.208 -51.321\n",
      "DEBUG:openmmtools.multistate.multistateanalyzer:  -2.793  -2.793  -2.135  -1.178  -0.449   0.000   0.139  -0.058  -0.603  -1.495  -2.726  -4.291  -6.194  -8.446 -11.057 -14.031 -17.373 -21.087 -25.185 -29.682 -34.593 -39.922 -45.657 -51.770\n",
      "DEBUG:openmmtools.multistate.multistateanalyzer:  -2.932  -2.932  -2.274  -1.317  -0.588  -0.139   0.000  -0.197  -0.742  -1.634  -2.865  -4.430  -6.333  -8.585 -11.196 -14.170 -17.511 -21.226 -25.324 -29.821 -34.732 -40.060 -45.796 -51.909\n",
      "DEBUG:openmmtools.multistate.multistateanalyzer:  -2.735  -2.735  -2.077  -1.120  -0.391   0.058   0.197   0.000  -0.545  -1.437  -2.668  -4.233  -6.136  -8.388 -10.999 -13.973 -17.315 -21.029 -25.127 -29.624 -34.535 -39.863 -45.599 -51.712\n",
      "DEBUG:openmmtools.multistate.multistateanalyzer:  -2.189  -2.189  -1.532  -0.574   0.154   0.603   0.742   0.545   0.000  -0.892  -2.123  -3.687  -5.591  -7.843 -10.453 -13.428 -16.769 -20.483 -24.582 -29.079 -33.989 -39.318 -45.054 -51.167\n",
      "DEBUG:openmmtools.multistate.multistateanalyzer:  -1.297  -1.297  -0.640   0.318   1.046   1.495   1.634   1.437   0.892   0.000  -1.231  -2.795  -4.699  -6.951  -9.561 -12.536 -15.877 -19.591 -23.690 -28.187 -33.097 -38.426 -44.162 -50.275\n",
      "DEBUG:openmmtools.multistate.multistateanalyzer:  -0.067  -0.067   0.590   1.548   2.277   2.726   2.865   2.668   2.123   1.231   0.000  -1.565  -3.468  -5.720  -8.331 -11.305 -14.647 -18.361 -22.459 -26.956 -31.867 -37.196 -42.931 -49.044\n",
      "DEBUG:openmmtools.multistate.multistateanalyzer:   1.498   1.498   2.155   3.113   3.841   4.291   4.430   4.233   3.687   2.795   1.565   0.000  -1.903  -4.156  -6.766  -9.741 -13.082 -16.796 -20.894 -25.392 -30.302 -35.631 -41.367 -47.480\n",
      "DEBUG:openmmtools.multistate.multistateanalyzer:   3.401   3.401   4.059   5.016   5.745   6.194   6.333   6.136   5.591   4.699   3.468   1.903   0.000  -2.252  -4.863  -7.837 -11.179 -14.893 -18.991 -23.488 -28.399 -33.728 -39.463 -45.576\n",
      "DEBUG:openmmtools.multistate.multistateanalyzer:   5.654   5.654   6.311   7.268   7.997   8.446   8.585   8.388   7.843   6.951   5.720   4.156   2.252   0.000  -2.611  -5.585  -8.926 -12.641 -16.739 -21.236 -26.147 -31.475 -37.211 -43.324\n",
      "DEBUG:openmmtools.multistate.multistateanalyzer:   8.264   8.264   8.921   9.879  10.608  11.057  11.196  10.999  10.453   9.561   8.331   6.766   4.863   2.611   0.000  -2.974  -6.316 -10.030 -14.128 -18.625 -23.536 -28.865 -34.600 -40.713\n",
      "DEBUG:openmmtools.multistate.multistateanalyzer:  11.238  11.238  11.896  12.853  13.582  14.031  14.170  13.973  13.428  12.536  11.305   9.741   7.837   5.585   2.974   0.000  -3.341  -7.056 -11.154 -15.651 -20.562 -25.890 -31.626 -37.739\n",
      "DEBUG:openmmtools.multistate.multistateanalyzer:  14.580  14.580  15.237  16.195  16.923  17.373  17.511  17.315  16.769  15.877  14.647  13.082  11.179   8.926   6.316   3.341   0.000  -3.714  -7.812 -12.310 -17.220 -22.549 -28.285 -34.398\n",
      "DEBUG:openmmtools.multistate.multistateanalyzer:  18.294  18.294  18.951  19.909  20.638  21.087  21.226  21.029  20.483  19.591  18.361  16.796  14.893  12.641  10.030   7.056   3.714   0.000  -4.098  -8.595 -13.506 -18.835 -24.570 -30.683\n",
      "DEBUG:openmmtools.multistate.multistateanalyzer:  22.392  22.392  23.050  24.007  24.736  25.185  25.324  25.127  24.582  23.690  22.459  20.894  18.991  16.739  14.128  11.154   7.812   4.098   0.000  -4.497  -9.408 -14.736 -20.472 -26.585\n",
      "DEBUG:openmmtools.multistate.multistateanalyzer:  26.890  26.890  27.547  28.504  29.233  29.682  29.821  29.624  29.079  28.187  26.956  25.392  23.488  21.236  18.625  15.651  12.310   8.595   4.497   0.000  -4.911 -10.239 -15.975 -22.088\n",
      "DEBUG:openmmtools.multistate.multistateanalyzer:  31.800  31.800  32.457  33.415  34.144  34.593  34.732  34.535  33.989  33.097  31.867  30.302  28.399  26.147  23.536  20.562  17.220  13.506   9.408   4.911   0.000  -5.329 -11.064 -17.177\n",
      "DEBUG:openmmtools.multistate.multistateanalyzer:  37.129  37.129  37.786  38.744  39.472  39.922  40.060  39.863  39.318  38.426  37.196  35.631  33.728  31.475  28.865  25.890  22.549  18.835  14.736  10.239   5.329   0.000  -5.736 -11.849\n",
      "DEBUG:openmmtools.multistate.multistateanalyzer:  42.864  42.864  43.522  44.479  45.208  45.657  45.796  45.599  45.054  44.162  42.931  41.367  39.463  37.211  34.600  31.626  28.285  24.570  20.472  15.975  11.064   5.736   0.000  -6.113\n",
      "DEBUG:openmmtools.multistate.multistateanalyzer:  48.978  48.978  49.635  50.592  51.321  51.770  51.909  51.712  51.167  50.275  49.044  47.480  45.576  43.324  40.713  37.739  34.398  30.683  26.585  22.088  17.177  11.849   6.113   0.000\n",
      "DEBUG:openmmtools.multistate.multistateanalyzer:dDeltaf_ij:\n",
      "DEBUG:openmmtools.multistate.multistateanalyzer:   0.000   0.000   0.081   0.142   0.207   0.280   0.356   0.425   0.481   0.520   0.548   0.575   0.606   0.641   0.677   0.712   0.745   0.777   0.814   0.858   0.912   0.974   1.036   1.093\n",
      "DEBUG:openmmtools.multistate.multistateanalyzer:   0.000   0.000   0.081   0.142   0.207   0.280   0.356   0.425   0.481   0.520   0.548   0.575   0.606   0.641   0.677   0.712   0.745   0.777   0.814   0.858   0.912   0.974   1.036   1.093\n",
      "DEBUG:openmmtools.multistate.multistateanalyzer:   0.081   0.081   0.000   0.063   0.131   0.209   0.290   0.366   0.426   0.468   0.499   0.528   0.561   0.599   0.638   0.675   0.709   0.743   0.781   0.827   0.883   0.946   1.010   1.069\n",
      "DEBUG:openmmtools.multistate.multistateanalyzer:   0.142   0.142   0.063   0.000   0.070   0.150   0.235   0.314   0.377   0.422   0.455   0.486   0.521   0.562   0.603   0.642   0.678   0.713   0.753   0.800   0.858   0.923   0.988   1.048\n"
     ]
    },
    {
     "name": "stderr",
     "output_type": "stream",
     "text": [
      "DEBUG:openmmtools.multistate.multistateanalyzer:   0.207   0.207   0.131   0.070   0.000   0.081   0.169   0.250   0.316   0.364   0.399   0.434   0.473   0.517   0.561   0.602   0.640   0.678   0.719   0.769   0.828   0.896   0.963   1.024\n",
      "DEBUG:openmmtools.multistate.multistateanalyzer:   0.280   0.280   0.209   0.150   0.081   0.000   0.088   0.173   0.242   0.293   0.332   0.370   0.415   0.463   0.512   0.556   0.597   0.637   0.680   0.733   0.795   0.865   0.935   0.998\n",
      "DEBUG:openmmtools.multistate.multistateanalyzer:   0.356   0.356   0.290   0.235   0.169   0.088   0.000   0.086   0.158   0.212   0.256   0.300   0.351   0.406   0.459   0.508   0.551   0.594   0.640   0.695   0.761   0.834   0.906   0.971\n",
      "DEBUG:openmmtools.multistate.multistateanalyzer:   0.425   0.425   0.366   0.314   0.250   0.173   0.086   0.000   0.073   0.131   0.180   0.233   0.291   0.352   0.410   0.462   0.508   0.554   0.603   0.661   0.730   0.805   0.880   0.946\n",
      "DEBUG:openmmtools.multistate.multistateanalyzer:   0.481   0.481   0.426   0.377   0.316   0.242   0.158   0.073   0.000   0.060   0.115   0.174   0.238   0.303   0.365   0.420   0.469   0.517   0.568   0.629   0.701   0.779   0.856   0.924\n",
      "DEBUG:openmmtools.multistate.multistateanalyzer:   0.520   0.520   0.468   0.422   0.364   0.293   0.212   0.131   0.060   0.000   0.058   0.120   0.188   0.256   0.320   0.377   0.428   0.478   0.533   0.597   0.672   0.753   0.832   0.903\n",
      "DEBUG:openmmtools.multistate.multistateanalyzer:   0.548   0.548   0.499   0.455   0.399   0.332   0.256   0.180   0.115   0.058   0.000   0.064   0.133   0.203   0.268   0.327   0.381   0.434   0.492   0.560   0.639   0.724   0.806   0.878\n",
      "DEBUG:openmmtools.multistate.multistateanalyzer:   0.575   0.575   0.528   0.486   0.434   0.370   0.300   0.233   0.174   0.120   0.064   0.000   0.070   0.141   0.208   0.269   0.325   0.382   0.444   0.517   0.601   0.690   0.776   0.851\n",
      "DEBUG:openmmtools.multistate.multistateanalyzer:   0.606   0.606   0.561   0.521   0.473   0.415   0.351   0.291   0.238   0.188   0.133   0.070   0.000   0.072   0.140   0.203   0.263   0.323   0.391   0.470   0.560   0.654   0.743   0.821\n",
      "DEBUG:openmmtools.multistate.multistateanalyzer:   0.641   0.641   0.599   0.562   0.517   0.463   0.406   0.352   0.303   0.256   0.203   0.141   0.072   0.000   0.069   0.134   0.197   0.262   0.336   0.421   0.516   0.616   0.710   0.791\n",
      "DEBUG:openmmtools.multistate.multistateanalyzer:   0.677   0.677   0.638   0.603   0.561   0.512   0.459   0.410   0.365   0.320   0.268   0.208   0.140   0.069   0.000   0.066   0.132   0.201   0.279   0.370   0.472   0.577   0.675   0.760\n",
      "DEBUG:openmmtools.multistate.multistateanalyzer:   0.712   0.712   0.675   0.642   0.602   0.556   0.508   0.462   0.420   0.377   0.327   0.269   0.203   0.134   0.066   0.000   0.067   0.139   0.222   0.318   0.426   0.536   0.638   0.726\n",
      "DEBUG:openmmtools.multistate.multistateanalyzer:   0.745   0.745   0.709   0.678   0.640   0.597   0.551   0.508   0.469   0.428   0.381   0.325   0.263   0.197   0.132   0.067   0.000   0.074   0.160   0.260   0.372   0.487   0.593   0.685\n",
      "DEBUG:openmmtools.multistate.multistateanalyzer:   0.777   0.777   0.743   0.713   0.678   0.637   0.594   0.554   0.517   0.478   0.434   0.382   0.323   0.262   0.201   0.139   0.074   0.000   0.087   0.190   0.306   0.425   0.536   0.631\n",
      "DEBUG:openmmtools.multistate.multistateanalyzer:   0.814   0.814   0.781   0.753   0.719   0.680   0.640   0.603   0.568   0.533   0.492   0.444   0.391   0.336   0.279   0.222   0.160   0.087   0.000   0.105   0.223   0.346   0.461   0.560\n",
      "DEBUG:openmmtools.multistate.multistateanalyzer:   0.858   0.858   0.827   0.800   0.769   0.733   0.695   0.661   0.629   0.597   0.560   0.517   0.470   0.421   0.370   0.318   0.260   0.190   0.105   0.000   0.120   0.246   0.364   0.468\n",
      "DEBUG:openmmtools.multistate.multistateanalyzer:   0.912   0.912   0.883   0.858   0.828   0.795   0.761   0.730   0.701   0.672   0.639   0.601   0.560   0.516   0.472   0.426   0.372   0.306   0.223   0.120   0.000   0.127   0.248   0.356\n",
      "DEBUG:openmmtools.multistate.multistateanalyzer:   0.974   0.974   0.946   0.923   0.896   0.865   0.834   0.805   0.779   0.753   0.724   0.690   0.654   0.616   0.577   0.536   0.487   0.425   0.346   0.246   0.127   0.000   0.123   0.234\n",
      "DEBUG:openmmtools.multistate.multistateanalyzer:   1.036   1.036   1.010   0.988   0.963   0.935   0.906   0.880   0.856   0.832   0.806   0.776   0.743   0.710   0.675   0.638   0.593   0.536   0.461   0.364   0.248   0.123   0.000   0.113\n",
      "DEBUG:openmmtools.multistate.multistateanalyzer:   1.093   1.093   1.069   1.048   1.024   0.998   0.971   0.946   0.924   0.903   0.878   0.851   0.821   0.791   0.760   0.726   0.685   0.631   0.560   0.468   0.356   0.234   0.113   0.000\n",
      "WARNING:openmmtools.multistate.multistateanalyzer:Warning: The openmmtools.multistate API is experimental and may change in future releases\n",
      "DEBUG:openmmtools.multistate.multistateanalyzer:Checking if we need to unbias the restraint...\n",
      "DEBUG:openmmtools.multistate.multistateanalyzer:Trying to get radially symmetric restraint data...\n",
      "DEBUG:openmmtools.multistate.multistateanalyzer:Retrieving end thermodynamic states...\n",
      "DEBUG:openmmtools.multistate.multistateanalyzer:Isolating restraint force...\n",
      "DEBUG:openmmtools.multistate.multistateanalyzer:No force of type <class 'openmmtools.forces.RadiallySymmetricRestraintForce'> could be found. The restraint will not be unbiased.\n",
      "DEBUG:openmmtools.multistate.multistateanalyzer:Reading energies...\n",
      "DEBUG:openmmtools.multistate.multistatereporter:read_replica_thermodynamic_states: iteration = [   0    1    2 ...  998  999 1000]\n",
      "DEBUG:openmmtools.multistate.multistateanalyzer:Done.\n",
      "DEBUG:openmmtools.multistate.multistateanalyzer:Assembling effective timeseries...\n",
      "DEBUG:openmmtools.multistate.multistateanalyzer:Done.\n",
      "DEBUG:openmmtools.multistate.multistateanalyzer:Could not find t0: None of the requested keys could be found on disk!\n",
      "DEBUG:openmmtools.multistate.multistateanalyzer:Equilibration data:\n",
      "DEBUG:openmmtools.multistate.multistateanalyzer: number of iterations discarded to equilibration : 4\n",
      "DEBUG:openmmtools.multistate.multistateanalyzer: statistical inefficiency of production region   : 1.9402738809585571\n",
      "DEBUG:openmmtools.multistate.multistateanalyzer: effective number of uncorrelated samples        : 51.02372360229492\n",
      "DEBUG:openmmtools.multistate.multistateanalyzer:Assembling uncorrelated energies...\n",
      "DEBUG:openmmtools.multistate.multistateanalyzer:Done.\n",
      "DEBUG:openmmtools.multistate.multistateanalyzer:Computing free energy differences...\n",
      "DEBUG:openmmtools.multistate.multistateanalyzer:Done.\n",
      "DEBUG:openmmtools.multistate.multistateanalyzer:Computing covariance matrix...\n",
      "DEBUG:openmmtools.multistate.multistateanalyzer:Deltaf_ij:\n",
      "DEBUG:openmmtools.multistate.multistateanalyzer:   0.000   0.000   0.400   1.387   2.216   2.814   3.145   3.179   2.898   2.287   1.338   0.046  -1.603  -3.631  -6.060  -8.906 -12.178 -15.882 -20.021 -24.599 -29.617 -35.070 -40.941 -47.195\n",
      "DEBUG:openmmtools.multistate.multistateanalyzer:   0.000   0.000   0.400   1.387   2.216   2.814   3.145   3.179   2.898   2.287   1.338   0.046  -1.603  -3.631  -6.060  -8.906 -12.178 -15.882 -20.021 -24.599 -29.617 -35.070 -40.941 -47.195\n",
      "DEBUG:openmmtools.multistate.multistateanalyzer:  -0.400  -0.400   0.000   0.987   1.816   2.414   2.744   2.779   2.498   1.886   0.938  -0.354  -2.003  -4.031  -6.460  -9.306 -12.579 -16.282 -20.421 -24.999 -30.017 -35.470 -41.341 -47.595\n",
      "DEBUG:openmmtools.multistate.multistateanalyzer:  -1.387  -1.387  -0.987   0.000   0.829   1.428   1.758   1.793   1.512   0.900  -0.049  -1.341  -2.990  -5.018  -7.446 -10.293 -13.565 -17.269 -21.408 -25.986 -31.004 -36.456 -42.328 -48.582\n",
      "DEBUG:openmmtools.multistate.multistateanalyzer:  -2.216  -2.216  -1.816  -0.829   0.000   0.599   0.929   0.964   0.683   0.071  -0.878  -2.170  -3.819  -5.847  -8.276 -11.122 -14.394 -18.098 -22.237 -26.815 -31.833 -37.286 -43.157 -49.411\n",
      "DEBUG:openmmtools.multistate.multistateanalyzer:  -2.814  -2.814  -2.414  -1.428  -0.599   0.000   0.330   0.365   0.084  -0.528  -1.477  -2.769  -4.418  -6.445  -8.874 -11.720 -14.993 -18.697 -22.836 -27.414 -32.432 -37.884 -43.755 -50.010\n"
     ]
    },
    {
     "name": "stderr",
     "output_type": "stream",
     "text": [
      "DEBUG:openmmtools.multistate.multistateanalyzer:  -3.145  -3.145  -2.744  -1.758  -0.929  -0.330   0.000   0.035  -0.246  -0.858  -1.807  -3.099  -4.748  -6.776  -9.204 -12.051 -15.323 -19.027 -23.166 -27.744 -32.762 -38.214 -44.085 -50.340\n",
      "DEBUG:openmmtools.multistate.multistateanalyzer:  -3.179  -3.179  -2.779  -1.793  -0.964  -0.365  -0.035   0.000  -0.281  -0.893  -1.842  -3.134  -4.783  -6.810  -9.239 -12.085 -15.358 -19.062 -23.200 -27.779 -32.797 -38.249 -44.120 -50.374\n",
      "DEBUG:openmmtools.multistate.multistateanalyzer:  -2.898  -2.898  -2.498  -1.512  -0.683  -0.084   0.246   0.281   0.000  -0.612  -1.561  -2.853  -4.502  -6.529  -8.958 -11.804 -15.077 -18.780 -22.919 -27.498 -32.516 -37.968 -43.839 -50.093\n",
      "DEBUG:openmmtools.multistate.multistateanalyzer:  -2.287  -2.287  -1.886  -0.900  -0.071   0.528   0.858   0.893   0.612   0.000  -0.949  -2.241  -3.890  -5.918  -8.346 -11.192 -14.465 -18.169 -22.308 -26.886 -31.904 -37.356 -43.227 -49.482\n",
      "DEBUG:openmmtools.multistate.multistateanalyzer:  -1.338  -1.338  -0.938   0.049   0.878   1.477   1.807   1.842   1.561   0.949   0.000  -1.292  -2.941  -4.969  -7.397 -10.244 -13.516 -17.220 -21.359 -25.937 -30.955 -36.408 -42.279 -48.533\n",
      "DEBUG:openmmtools.multistate.multistateanalyzer:  -0.046  -0.046   0.354   1.341   2.170   2.769   3.099   3.134   2.853   2.241   1.292   0.000  -1.649  -3.677  -6.106  -8.952 -12.224 -15.928 -20.067 -24.645 -29.663 -35.116 -40.987 -47.241\n",
      "DEBUG:openmmtools.multistate.multistateanalyzer:   1.603   1.603   2.003   2.990   3.819   4.418   4.748   4.783   4.502   3.890   2.941   1.649   0.000  -2.028  -4.456  -7.303 -10.575 -14.279 -18.418 -22.996 -28.014 -33.467 -39.338 -45.592\n",
      "DEBUG:openmmtools.multistate.multistateanalyzer:   3.631   3.631   4.031   5.018   5.847   6.445   6.776   6.810   6.529   5.918   4.969   3.677   2.028   0.000  -2.429  -5.275  -8.547 -12.251 -16.390 -20.968 -25.986 -31.439 -37.310 -43.564\n",
      "DEBUG:openmmtools.multistate.multistateanalyzer:   6.060   6.060   6.460   7.446   8.276   8.874   9.204   9.239   8.958   8.346   7.397   6.106   4.456   2.429   0.000  -2.846  -6.119  -9.822 -13.961 -18.539 -23.558 -29.010 -34.881 -41.135\n",
      "DEBUG:openmmtools.multistate.multistateanalyzer:   8.906   8.906   9.306  10.293  11.122  11.720  12.051  12.085  11.804  11.192  10.244   8.952   7.303   5.275   2.846   0.000  -3.273  -6.976 -11.115 -15.693 -20.711 -26.164 -32.035 -38.289\n",
      "DEBUG:openmmtools.multistate.multistateanalyzer:  12.178  12.178  12.579  13.565  14.394  14.993  15.323  15.358  15.077  14.465  13.516  12.224  10.575   8.547   6.119   3.273   0.000  -3.704  -7.843 -12.421 -17.439 -22.891 -28.762 -35.017\n",
      "DEBUG:openmmtools.multistate.multistateanalyzer:  15.882  15.882  16.282  17.269  18.098  18.697  19.027  19.062  18.780  18.169  17.220  15.928  14.279  12.251   9.822   6.976   3.704   0.000  -4.139  -8.717 -13.735 -19.188 -25.059 -31.313\n",
      "DEBUG:openmmtools.multistate.multistateanalyzer:  20.021  20.021  20.421  21.408  22.237  22.836  23.166  23.200  22.919  22.308  21.359  20.067  18.418  16.390  13.961  11.115   7.843   4.139   0.000  -4.578  -9.596 -15.049 -20.920 -27.174\n",
      "DEBUG:openmmtools.multistate.multistateanalyzer:  24.599  24.599  24.999  25.986  26.815  27.414  27.744  27.779  27.498  26.886  25.937  24.645  22.996  20.968  18.539  15.693  12.421   8.717   4.578   0.000  -5.018 -10.471 -16.342 -22.596\n",
      "DEBUG:openmmtools.multistate.multistateanalyzer:  29.617  29.617  30.017  31.004  31.833  32.432  32.762  32.797  32.516  31.904  30.955  29.663  28.014  25.986  23.558  20.711  17.439  13.735   9.596   5.018   0.000  -5.453 -11.324 -17.578\n",
      "DEBUG:openmmtools.multistate.multistateanalyzer:  35.070  35.070  35.470  36.456  37.286  37.884  38.214  38.249  37.968  37.356  36.408  35.116  33.467  31.439  29.010  26.164  22.891  19.188  15.049  10.471   5.453   0.000  -5.871 -12.125\n",
      "DEBUG:openmmtools.multistate.multistateanalyzer:  40.941  40.941  41.341  42.328  43.157  43.755  44.085  44.120  43.839  43.227  42.279  40.987  39.338  37.310  34.881  32.035  28.762  25.059  20.920  16.342  11.324   5.871   0.000  -6.254\n",
      "DEBUG:openmmtools.multistate.multistateanalyzer:  47.195  47.195  47.595  48.582  49.411  50.010  50.340  50.374  50.093  49.482  48.533  47.241  45.592  43.564  41.135  38.289  35.017  31.313  27.174  22.596  17.578  12.125   6.254   0.000\n",
      "DEBUG:openmmtools.multistate.multistateanalyzer:dDeltaf_ij:\n",
      "DEBUG:openmmtools.multistate.multistateanalyzer:   0.000   0.000   0.029   0.046   0.060   0.074   0.088   0.101   0.113   0.124   0.134   0.144   0.153   0.162   0.171   0.180   0.187   0.194   0.200   0.206   0.211   0.217   0.223   0.229\n",
      "DEBUG:openmmtools.multistate.multistateanalyzer:   0.000   0.000   0.029   0.046   0.060   0.074   0.088   0.101   0.113   0.124   0.134   0.144   0.153   0.162   0.171   0.180   0.187   0.194   0.200   0.206   0.211   0.217   0.223   0.229\n",
      "DEBUG:openmmtools.multistate.multistateanalyzer:   0.029   0.029   0.000   0.018   0.036   0.053   0.069   0.084   0.098   0.111   0.122   0.133   0.143   0.153   0.162   0.171   0.179   0.186   0.192   0.198   0.204   0.210   0.216   0.222\n",
      "DEBUG:openmmtools.multistate.multistateanalyzer:   0.046   0.046   0.018   0.000   0.018   0.037   0.055   0.072   0.087   0.101   0.113   0.125   0.135   0.146   0.156   0.165   0.173   0.180   0.187   0.193   0.199   0.205   0.211   0.217\n",
      "DEBUG:openmmtools.multistate.multistateanalyzer:   0.060   0.060   0.036   0.018   0.000   0.019   0.039   0.057   0.075   0.090   0.103   0.115   0.127   0.138   0.148   0.158   0.166   0.174   0.181   0.187   0.193   0.199   0.206   0.212\n",
      "DEBUG:openmmtools.multistate.multistateanalyzer:   0.074   0.074   0.053   0.037   0.019   0.000   0.020   0.040   0.060   0.077   0.092   0.105   0.117   0.129   0.140   0.150   0.159   0.167   0.174   0.181   0.187   0.193   0.200   0.206\n",
      "DEBUG:openmmtools.multistate.multistateanalyzer:   0.088   0.088   0.069   0.055   0.039   0.020   0.000   0.021   0.042   0.061   0.077   0.092   0.106   0.119   0.131   0.141   0.151   0.159   0.167   0.173   0.180   0.187   0.193   0.200\n",
      "DEBUG:openmmtools.multistate.multistateanalyzer:   0.101   0.101   0.084   0.072   0.057   0.040   0.021   0.000   0.022   0.042   0.060   0.077   0.092   0.107   0.120   0.131   0.141   0.150   0.158   0.165   0.172   0.179   0.186   0.193\n",
      "DEBUG:openmmtools.multistate.multistateanalyzer:   0.113   0.113   0.098   0.087   0.075   0.060   0.042   0.022   0.000   0.021   0.041   0.059   0.077   0.093   0.108   0.120   0.131   0.141   0.149   0.157   0.164   0.171   0.178   0.186\n",
      "DEBUG:openmmtools.multistate.multistateanalyzer:   0.124   0.124   0.111   0.101   0.090   0.077   0.061   0.042   0.021   0.000   0.021   0.041   0.060   0.078   0.095   0.109   0.120   0.131   0.140   0.148   0.156   0.163   0.171   0.178\n",
      "DEBUG:openmmtools.multistate.multistateanalyzer:   0.134   0.134   0.122   0.113   0.103   0.092   0.077   0.060   0.041   0.021   0.000   0.021   0.042   0.062   0.080   0.095   0.108   0.119   0.129   0.138   0.146   0.154   0.162   0.170\n",
      "DEBUG:openmmtools.multistate.multistateanalyzer:   0.144   0.144   0.133   0.125   0.115   0.105   0.092   0.077   0.059   0.041   0.021   0.000   0.022   0.043   0.063   0.080   0.094   0.107   0.117   0.127   0.136   0.144   0.153   0.161\n",
      "DEBUG:openmmtools.multistate.multistateanalyzer:   0.153   0.153   0.143   0.135   0.127   0.117   0.106   0.092   0.077   0.060   0.042   0.022   0.000   0.022   0.043   0.062   0.078   0.092   0.104   0.114   0.124   0.133   0.143   0.152\n",
      "DEBUG:openmmtools.multistate.multistateanalyzer:   0.162   0.162   0.153   0.146   0.138   0.129   0.119   0.107   0.093   0.078   0.062   0.043   0.022   0.000   0.022   0.042   0.059   0.075   0.088   0.100   0.111   0.121   0.131   0.141\n",
      "DEBUG:openmmtools.multistate.multistateanalyzer:   0.171   0.171   0.162   0.156   0.148   0.140   0.131   0.120   0.108   0.095   0.080   0.063   0.043   0.022   0.000   0.021   0.040   0.057   0.072   0.085   0.097   0.109   0.120   0.131\n",
      "DEBUG:openmmtools.multistate.multistateanalyzer:   0.180   0.180   0.171   0.165   0.158   0.150   0.141   0.131   0.120   0.109   0.095   0.080   0.062   0.042   0.021   0.000   0.020   0.038   0.054   0.069   0.083   0.095   0.108   0.120\n"
     ]
    },
    {
     "name": "stderr",
     "output_type": "stream",
     "text": [
      "DEBUG:openmmtools.multistate.multistateanalyzer:   0.187   0.187   0.179   0.173   0.166   0.159   0.151   0.141   0.131   0.120   0.108   0.094   0.078   0.059   0.040   0.020   0.000   0.019   0.036   0.052   0.067   0.081   0.095   0.108\n",
      "DEBUG:openmmtools.multistate.multistateanalyzer:   0.194   0.194   0.186   0.180   0.174   0.167   0.159   0.150   0.141   0.131   0.119   0.107   0.092   0.075   0.057   0.038   0.019   0.000   0.018   0.035   0.051   0.067   0.082   0.097\n",
      "DEBUG:openmmtools.multistate.multistateanalyzer:   0.200   0.200   0.192   0.187   0.181   0.174   0.167   0.158   0.149   0.140   0.129   0.117   0.104   0.088   0.072   0.054   0.036   0.018   0.000   0.018   0.035   0.052   0.068   0.084\n",
      "DEBUG:openmmtools.multistate.multistateanalyzer:   0.206   0.206   0.198   0.193   0.187   0.181   0.173   0.165   0.157   0.148   0.138   0.127   0.114   0.100   0.085   0.069   0.052   0.035   0.018   0.000   0.018   0.036   0.053   0.071\n",
      "DEBUG:openmmtools.multistate.multistateanalyzer:   0.211   0.211   0.204   0.199   0.193   0.187   0.180   0.172   0.164   0.156   0.146   0.136   0.124   0.111   0.097   0.083   0.067   0.051   0.035   0.018   0.000   0.018   0.037   0.056\n",
      "DEBUG:openmmtools.multistate.multistateanalyzer:   0.217   0.217   0.210   0.205   0.199   0.193   0.187   0.179   0.171   0.163   0.154   0.144   0.133   0.121   0.109   0.095   0.081   0.067   0.052   0.036   0.018   0.000   0.019   0.039\n",
      "DEBUG:openmmtools.multistate.multistateanalyzer:   0.223   0.223   0.216   0.211   0.206   0.200   0.193   0.186   0.178   0.171   0.162   0.153   0.143   0.131   0.120   0.108   0.095   0.082   0.068   0.053   0.037   0.019   0.000   0.020\n",
      "DEBUG:openmmtools.multistate.multistateanalyzer:   0.229   0.229   0.222   0.217   0.212   0.206   0.200   0.193   0.186   0.178   0.170   0.161   0.152   0.141   0.131   0.120   0.108   0.097   0.084   0.071   0.056   0.039   0.020   0.000\n",
      "WARNING:openmmtools.multistate.multistateanalyzer:Warning: The openmmtools.multistate API is experimental and may change in future releases\n",
      "DEBUG:openmmtools.multistate.multistateanalyzer:Checking if we need to unbias the restraint...\n",
      "DEBUG:openmmtools.multistate.multistateanalyzer:Trying to get radially symmetric restraint data...\n",
      "DEBUG:openmmtools.multistate.multistateanalyzer:Retrieving end thermodynamic states...\n",
      "DEBUG:openmmtools.multistate.multistateanalyzer:Isolating restraint force...\n",
      "DEBUG:openmmtools.multistate.multistateanalyzer:No force of type <class 'openmmtools.forces.RadiallySymmetricRestraintForce'> could be found. The restraint will not be unbiased.\n",
      "DEBUG:openmmtools.multistate.multistateanalyzer:Reading energies...\n",
      "DEBUG:openmmtools.multistate.multistatereporter:read_replica_thermodynamic_states: iteration = [   0    1    2 ...  998  999 1000]\n",
      "DEBUG:openmmtools.multistate.multistateanalyzer:Done.\n",
      "DEBUG:openmmtools.multistate.multistateanalyzer:Assembling effective timeseries...\n",
      "DEBUG:openmmtools.multistate.multistateanalyzer:Done.\n",
      "DEBUG:openmmtools.multistate.multistateanalyzer:Could not find t0: None of the requested keys could be found on disk!\n",
      "DEBUG:openmmtools.multistate.multistateanalyzer:Equilibration data:\n",
      "DEBUG:openmmtools.multistate.multistateanalyzer: number of iterations discarded to equilibration : 3\n",
      "DEBUG:openmmtools.multistate.multistateanalyzer: statistical inefficiency of production region   : 2.2562429904937744\n",
      "DEBUG:openmmtools.multistate.multistateanalyzer: effective number of uncorrelated samples        : 88.64293670654297\n",
      "DEBUG:openmmtools.multistate.multistateanalyzer:Assembling uncorrelated energies...\n",
      "DEBUG:openmmtools.multistate.multistateanalyzer:Done.\n",
      "DEBUG:openmmtools.multistate.multistateanalyzer:Computing free energy differences...\n",
      "DEBUG:openmmtools.multistate.multistateanalyzer:Done.\n",
      "DEBUG:openmmtools.multistate.multistateanalyzer:Computing covariance matrix...\n",
      "DEBUG:openmmtools.multistate.multistateanalyzer:Deltaf_ij:\n",
      "DEBUG:openmmtools.multistate.multistateanalyzer:   0.000   0.000   0.372   1.334   2.138   2.712   3.022   3.042   2.757   2.156   1.232  -0.026  -1.633  -3.607  -5.965  -8.725 -11.909 -15.534 -19.609 -24.137 -29.115 -34.536 -40.382 -46.618\n",
      "DEBUG:openmmtools.multistate.multistateanalyzer:   0.000   0.000   0.372   1.334   2.138   2.712   3.022   3.042   2.757   2.156   1.232  -0.026  -1.633  -3.607  -5.965  -8.725 -11.909 -15.534 -19.609 -24.137 -29.115 -34.536 -40.382 -46.618\n",
      "DEBUG:openmmtools.multistate.multistateanalyzer:  -0.372  -0.372   0.000   0.962   1.766   2.340   2.650   2.670   2.385   1.784   0.860  -0.397  -2.005  -3.979  -6.337  -9.097 -12.281 -15.906 -19.981 -24.509 -29.487 -34.908 -40.754 -46.990\n",
      "DEBUG:openmmtools.multistate.multistateanalyzer:  -1.334  -1.334  -0.962   0.000   0.803   1.378   1.688   1.708   1.422   0.821  -0.102  -1.360  -2.967  -4.941  -7.299 -10.060 -13.244 -16.868 -20.943 -25.471 -30.449 -35.870 -41.716 -47.953\n",
      "DEBUG:openmmtools.multistate.multistateanalyzer:  -2.138  -2.138  -1.766  -0.803   0.000   0.574   0.884   0.905   0.619   0.018  -0.906  -2.163  -3.770  -5.745  -8.102 -10.863 -14.047 -17.672 -21.747 -26.274 -31.253 -36.673 -42.520 -48.756\n",
      "DEBUG:openmmtools.multistate.multistateanalyzer:  -2.712  -2.712  -2.340  -1.378  -0.574   0.000   0.310   0.330   0.045  -0.556  -1.480  -2.737  -4.345  -6.319  -8.677 -11.437 -14.621 -18.246 -22.321 -26.849 -31.827 -37.248 -43.094 -49.330\n",
      "DEBUG:openmmtools.multistate.multistateanalyzer:  -3.022  -3.022  -2.650  -1.688  -0.884  -0.310   0.000   0.020  -0.265  -0.866  -1.790  -3.047  -4.655  -6.629  -8.987 -11.747 -14.931 -18.556 -22.631 -27.159 -32.137 -37.558 -43.404 -49.640\n",
      "DEBUG:openmmtools.multistate.multistateanalyzer:  -3.042  -3.042  -2.670  -1.708  -0.905  -0.330  -0.020   0.000  -0.286  -0.887  -1.810  -3.068  -4.675  -6.649  -9.007 -11.768 -14.952 -18.576 -22.651 -27.179 -32.157 -37.578 -43.424 -49.661\n",
      "DEBUG:openmmtools.multistate.multistateanalyzer:  -2.757  -2.757  -2.385  -1.422  -0.619  -0.045   0.265   0.286   0.000  -0.601  -1.525  -2.782  -4.389  -6.363  -8.721 -11.482 -14.666 -18.290 -22.365 -26.893 -31.872 -37.292 -43.138 -49.375\n",
