{
 "cells": [
  {
   "cell_type": "code",
   "execution_count": 1,
   "metadata": {},
   "outputs": [
    {
     "name": "stderr",
     "output_type": "stream",
     "text": [
      "Warning: importing 'simtk.openmm' is deprecated.  Import 'openmm' instead.\n"
     ]
    }
   ],
   "source": [
    "from perses.analysis import utils\n",
    "from openmmtools.multistate import MultiStateReporter, MultiStateSamplerAnalyzer\n",
    "from simtk import unit\n",
    "import os\n",
    "import itertools\n",
    "from tqdm import tqdm_notebook\n",
    "import pandas as pd\n",
    "import numpy as np\n",
    "import seaborn as sns\n",
    "import matplotlib.pyplot as plt\n",
    "import logging\n",
    "from perses.analysis import utils\n",
    "\n",
    "from openmmtools.constants import kB\n",
    "KT_KCALMOL = kB * 300 * unit.kelvin / unit.kilocalories_per_mole\n",
    "\n",
    "import warnings\n",
    "warnings.filterwarnings('ignore')"
   ]
  },
  {
   "cell_type": "code",
   "execution_count": 2,
   "metadata": {},
   "outputs": [],
   "source": [
    "class MultiStateReporter2(MultiStateReporter):\n",
    "    def read_energies(self, iteration=slice(None)):\n",
    "        \"\"\"Retrieve the energy matrix at the given iteration on the analysis file\n",
    "        Parameters\n",
    "        ----------\n",
    "        iteration : int or slice\n",
    "            The iteration(s) at which to read the data. The slice(None) allows fetching all iterations at once.\n",
    "        Returns\n",
    "        -------\n",
    "        energy_thermodynamic_states : n_replicas x n_states numpy.ndarray\n",
    "            ``energy_thermodynamic_states[iteration, i, j]`` is the reduced potential computed at\n",
    "            SamplerState ``sampler_states[iteration, i]`` and ThermodynamicState ``thermodynamic_states[iteration, j]``.\n",
    "        energy_neighborhoods : n_replicas x n_states numpy.ndarray\n",
    "            energy_neighborhoods[replica_index, state_index] is 1 if the energy was computed for this state,\n",
    "            0 otherwise\n",
    "        energy_unsampled_states : n_replicas x n_unsampled_states numpy.ndarray\n",
    "            ``energy_unsampled_states[iteration, i, j]`` is the reduced potential computed at SamplerState\n",
    "            ``sampler_states[iteration, i]`` and ThermodynamicState ``unsampled_thermodynamic_states[iteration, j]``.\n",
    "        \"\"\"\n",
    "        # Determine last consistent iteration\n",
    "        iteration = self._map_iteration_to_good(iteration)\n",
    "        # Retrieve energies at all thermodynamic states\n",
    "        energy_thermodynamic_states = np.array(self._storage_analysis.variables['energies'][iteration, :, :], np.float64)\n",
    "        # Retrieve neighborhoods, assuming global neighborhoods if reading a pre-neighborhoods file\n",
    "        try:\n",
    "            energy_neighborhoods = np.array(self._storage_analysis.variables['neighborhoods'][iteration, :, :], 'i1')\n",
    "        except KeyError:\n",
    "            energy_neighborhoods = np.ones(energy_thermodynamic_states.shape, 'i1')\n",
    "        # Read energies at unsampled states, if present\n",
    "#         try:\n",
    "#             energy_unsampled_states = np.array(self._storage_analysis.variables['unsampled_energies'][iteration, :, :], np.float64)\n",
    "#         except KeyError:\n",
    "#             # There are no unsampled thermodynamic states.\n",
    "        unsampled_shape = energy_thermodynamic_states.shape[:-1] + (0,)\n",
    "        energy_unsampled_states = np.zeros(unsampled_shape)\n",
    "        return energy_thermodynamic_states, energy_neighborhoods, energy_unsampled_states\n"
   ]
  },
  {
   "cell_type": "code",
   "execution_count": 3,
   "metadata": {},
   "outputs": [],
   "source": [
    "# Given a path, get dg and ddg\n",
    "def analyze(path):\n",
    "    reporter = MultiStateReporter(path)\n",
    "    analyzer = MultiStateSamplerAnalyzer(reporter)\n",
    "    f_ij, df_ij = analyzer.get_free_energy()\n",
    "    f = f_ij[0,-1] # units = kT\n",
    "#     f = f_ij[0,-1] * analyzer.kT\n",
    "#     dg = f.in_units_of(unit.kilocalories_per_mole)\n",
    "    df = df_ij[0, -1]\n",
    "#     df = df_ij[0, -1] * analyzer.kT\n",
    "#     ddg = df.in_units_of(unit.kilocalories_per_mole)\n",
    "    return f, df\n",
    "\n",
    "def analyze_dom(path):\n",
    "    reporter = MultiStateReporter2(path)\n",
    "    ncfile = utils.open_netcdf(path)\n",
    "    n_iterations = ncfile.variables['last_iteration'][0]\n",
    "    print(f\"n_iterations: {n_iterations}\")\n",
    "    dg, ddg = list(), list()\n",
    "#     iterations_to_analyze = list(range (1, n_iterations, 500)) + [int(n_iterations-1)]\n",
    "    iterations_to_analyze = range(1, n_iterations, 100)\n",
    "    print(list(iterations_to_analyze)) # check that this is giving me the last avail iteration\n",
    "    for step in iterations_to_analyze: \n",
    "        analyzer = MultiStateSamplerAnalyzer(reporter, max_n_iterations=step)\n",
    "        f_ij, df_ij = analyzer.get_free_energy()\n",
    "        dg.append(f_ij[0,-1])\n",
    "        ddg.append(df_ij[0,-1])\n",
    "    # Get final free energy\n",
    "    analyzer = MultiStateSamplerAnalyzer(reporter, max_n_iterations=n_iterations)\n",
    "    f_ij, df_ij = analyzer.get_free_energy()\n",
    "    print(\"Neff: \", analyzer.mbar.computeEffectiveSampleNumber())\n",
    "    dg.append(f_ij[0,-1])\n",
    "    ddg.append(df_ij[0,-1])\n",
    "    return np.array(dg), np.array(ddg), f_ij, df_ij"
   ]
  },
  {
   "cell_type": "markdown",
   "metadata": {},
   "source": [
    "### 1 ns ala -> thr dipeptide in solvent (repex/32/3/4)"
   ]
  },
  {
   "cell_type": "code",
   "execution_count": 4,
   "metadata": {},
   "outputs": [],
   "source": [
    "_logger = logging.getLogger()\n",
    "_logger.setLevel(logging.INFO)"
   ]
  },
  {
   "cell_type": "code",
   "execution_count": 9,
   "metadata": {},
   "outputs": [],
   "source": [
    "main_dir = 32\n",
    "sub_dir = 3\n",
    "chunk = 4\n",
    "titles = ['ALA->THR']"
   ]
  },
  {
   "cell_type": "code",
   "execution_count": 10,
   "metadata": {
    "scrolled": true
   },
   "outputs": [
    {
     "name": "stderr",
     "output_type": "stream",
     "text": [
      "WARNING:openmmtools.multistate.multistatereporter:Warning: The openmmtools.multistate API is experimental and may change in future releases\n",
      "DEBUG:openmmtools.multistate.multistatereporter:Initial checkpoint file automatically chosen as /data/chodera/zhangi/perses_benchmark/repex/32/3/4/4_apo_checkpoint.nc\n",
      "WARNING:openmmtools.multistate.multistateanalyzer:Warning: The openmmtools.multistate API is experimental and may change in future releases\n",
      "DEBUG:openmmtools.multistate.multistatereporter:checkpoint_interval != on-file checkpoint interval! Using on file analysis interval of 10.\n",
      "DEBUG:openmmtools.multistate.multistateanalyzer:Checking if we need to unbias the restraint...\n",
      "DEBUG:openmmtools.multistate.multistateanalyzer:Trying to get radially symmetric restraint data...\n",
      "DEBUG:openmmtools.multistate.multistateanalyzer:Retrieving end thermodynamic states...\n"
     ]
    },
    {
     "name": "stdout",
     "output_type": "stream",
     "text": [
      "analyzing apo\n",
      "n_iterations: 1000\n",
      "[1, 101, 201, 301, 401, 501, 601, 701, 801, 901]\n"
     ]
    },
    {
     "name": "stderr",
     "output_type": "stream",
     "text": [
      "DEBUG:openmmtools.multistate.multistateanalyzer:Isolating restraint force...\n",
      "DEBUG:openmmtools.multistate.multistateanalyzer:No force of type <class 'openmmtools.forces.RadiallySymmetricRestraintForce'> could be found. The restraint will not be unbiased.\n",
      "DEBUG:openmmtools.multistate.multistateanalyzer:Reading energies...\n",
      "DEBUG:openmmtools.multistate.multistatereporter:read_replica_thermodynamic_states: iteration = [   0    1    2 ...  998  999 1000]\n",
      "DEBUG:openmmtools.multistate.multistateanalyzer:Done.\n",
      "DEBUG:openmmtools.multistate.multistateanalyzer:Assembling effective timeseries...\n",
      "DEBUG:openmmtools.multistate.multistateanalyzer:Done.\n",
      "DEBUG:openmmtools.multistate.multistateanalyzer:Could not find t0: None of the requested keys could be found on disk!\n",
      "DEBUG:openmmtools.multistate.multistateanalyzer:Equilibration data:\n",
      "DEBUG:openmmtools.multistate.multistateanalyzer: number of iterations discarded to equilibration : 1\n",
      "DEBUG:openmmtools.multistate.multistateanalyzer: statistical inefficiency of production region   : 1\n",
      "DEBUG:openmmtools.multistate.multistateanalyzer: effective number of uncorrelated samples        : 1\n",
      "DEBUG:openmmtools.multistate.multistateanalyzer:Assembling uncorrelated energies...\n",
      "DEBUG:openmmtools.multistate.multistateanalyzer:Done.\n",
      "DEBUG:openmmtools.multistate.multistateanalyzer:Computing free energy differences...\n",
      "DEBUG:openmmtools.multistate.multistateanalyzer:Done.\n",
      "DEBUG:openmmtools.multistate.multistateanalyzer:Computing covariance matrix...\n",
      "DEBUG:openmmtools.multistate.multistateanalyzer:Deltaf_ij:\n",
      "DEBUG:openmmtools.multistate.multistateanalyzer:   0.000   0.000   5.695   7.065   6.698   4.701   1.149  -3.912 -10.467 -18.522 -28.101 -39.213\n",
      "DEBUG:openmmtools.multistate.multistateanalyzer:   0.000   0.000   5.695   7.065   6.698   4.701   1.149  -3.912 -10.467 -18.522 -28.101 -39.213\n",
      "DEBUG:openmmtools.multistate.multistateanalyzer:  -5.695  -5.695   0.000   1.370   1.003  -0.994  -4.546  -9.607 -16.161 -24.217 -33.796 -44.908\n",
      "DEBUG:openmmtools.multistate.multistateanalyzer:  -7.065  -7.065  -1.370   0.000  -0.367  -2.364  -5.916 -10.977 -17.531 -25.587 -35.166 -46.278\n",
      "DEBUG:openmmtools.multistate.multistateanalyzer:  -6.698  -6.698  -1.003   0.367   0.000  -1.997  -5.549 -10.610 -17.164 -25.220 -34.799 -45.911\n",
      "DEBUG:openmmtools.multistate.multistateanalyzer:  -4.701  -4.701   0.994   2.364   1.997   0.000  -3.552  -8.613 -15.168 -23.223 -32.802 -43.914\n",
      "DEBUG:openmmtools.multistate.multistateanalyzer:  -1.149  -1.149   4.546   5.916   5.549   3.552   0.000  -5.061 -11.616 -19.671 -29.250 -40.362\n",
      "DEBUG:openmmtools.multistate.multistateanalyzer:   3.912   3.912   9.607  10.977  10.610   8.613   5.061   0.000  -6.554 -14.610 -24.189 -35.301\n",
      "DEBUG:openmmtools.multistate.multistateanalyzer:  10.467  10.467  16.161  17.531  17.164  15.168  11.616   6.554   0.000  -8.056 -17.635 -28.746\n",
      "DEBUG:openmmtools.multistate.multistateanalyzer:  18.522  18.522  24.217  25.587  25.220  23.223  19.671  14.610   8.056   0.000  -9.579 -20.691\n",
      "DEBUG:openmmtools.multistate.multistateanalyzer:  28.101  28.101  33.796  35.166  34.799  32.802  29.250  24.189  17.635   9.579   0.000 -11.112\n",
      "DEBUG:openmmtools.multistate.multistateanalyzer:  39.213  39.213  44.908  46.278  45.911  43.914  40.362  35.301  28.746  20.691  11.112   0.000\n",
      "DEBUG:openmmtools.multistate.multistateanalyzer:dDeltaf_ij:\n",
      "DEBUG:openmmtools.multistate.multistateanalyzer:   0.000   0.000   2.042   2.271   2.365   2.425   2.463   2.486   2.503   2.520   2.545   2.586\n",
      "DEBUG:openmmtools.multistate.multistateanalyzer:   0.000   0.000   2.042   2.271   2.365   2.425   2.463   2.486   2.503   2.520   2.545   2.586\n",
      "DEBUG:openmmtools.multistate.multistateanalyzer:   2.042   2.042   0.000   0.402   0.662   0.830   0.930   0.989   1.031   1.072   1.130   1.219\n",
      "DEBUG:openmmtools.multistate.multistateanalyzer:   2.271   2.271   0.402   0.000   0.288   0.482   0.603   0.678   0.733   0.788   0.865   0.979\n",
      "DEBUG:openmmtools.multistate.multistateanalyzer:   2.365   2.365   0.662   0.288   0.000   0.204   0.336   0.424   0.493   0.565   0.666   0.809\n",
      "DEBUG:openmmtools.multistate.multistateanalyzer:   2.425   2.425   0.830   0.482   0.204   0.000   0.138   0.235   0.317   0.407   0.532   0.700\n",
      "DEBUG:openmmtools.multistate.multistateanalyzer:   2.463   2.463   0.930   0.603   0.336   0.138   0.000   0.102   0.193   0.299   0.444   0.630\n",
      "DEBUG:openmmtools.multistate.multistateanalyzer:   2.486   2.486   0.989   0.678   0.424   0.235   0.102   0.000   0.096   0.212   0.371   0.569\n",
      "DEBUG:openmmtools.multistate.multistateanalyzer:   2.503   2.503   1.031   0.733   0.493   0.317   0.193   0.096   0.000   0.121   0.287   0.494\n",
      "DEBUG:openmmtools.multistate.multistateanalyzer:   2.520   2.520   1.072   0.788   0.565   0.407   0.299   0.212   0.121   0.000   0.170   0.381\n",
      "DEBUG:openmmtools.multistate.multistateanalyzer:   2.545   2.545   1.130   0.865   0.666   0.532   0.444   0.371   0.287   0.170   0.000   0.213\n",
      "DEBUG:openmmtools.multistate.multistateanalyzer:   2.586   2.586   1.219   0.979   0.809   0.700   0.630   0.569   0.494   0.381   0.213   0.000\n",
      "WARNING:openmmtools.multistate.multistateanalyzer:Warning: The openmmtools.multistate API is experimental and may change in future releases\n",
      "DEBUG:openmmtools.multistate.multistateanalyzer:Checking if we need to unbias the restraint...\n",
      "DEBUG:openmmtools.multistate.multistateanalyzer:Trying to get radially symmetric restraint data...\n",
      "DEBUG:openmmtools.multistate.multistateanalyzer:Retrieving end thermodynamic states...\n",
      "DEBUG:openmmtools.multistate.multistateanalyzer:Isolating restraint force...\n",
      "DEBUG:openmmtools.multistate.multistateanalyzer:No force of type <class 'openmmtools.forces.RadiallySymmetricRestraintForce'> could be found. The restraint will not be unbiased.\n",
      "DEBUG:openmmtools.multistate.multistateanalyzer:Reading energies...\n",
      "DEBUG:openmmtools.multistate.multistatereporter:read_replica_thermodynamic_states: iteration = [   0    1    2 ...  998  999 1000]\n",
      "DEBUG:openmmtools.multistate.multistateanalyzer:Done.\n",
      "DEBUG:openmmtools.multistate.multistateanalyzer:Assembling effective timeseries...\n",
      "DEBUG:openmmtools.multistate.multistateanalyzer:Done.\n",
      "DEBUG:openmmtools.multistate.multistateanalyzer:Could not find t0: None of the requested keys could be found on disk!\n",
      "DEBUG:openmmtools.multistate.multistateanalyzer:Equilibration data:\n",
      "DEBUG:openmmtools.multistate.multistateanalyzer: number of iterations discarded to equilibration : 3\n",
      "DEBUG:openmmtools.multistate.multistateanalyzer: statistical inefficiency of production region   : 2.4632489681243896\n",
      "DEBUG:openmmtools.multistate.multistateanalyzer: effective number of uncorrelated samples        : 40.5967903137207\n",
      "DEBUG:openmmtools.multistate.multistateanalyzer:Assembling uncorrelated energies...\n",
      "DEBUG:openmmtools.multistate.multistateanalyzer:Done.\n",
      "DEBUG:openmmtools.multistate.multistateanalyzer:Computing free energy differences...\n",
      "DEBUG:openmmtools.multistate.multistateanalyzer:Done.\n",
      "DEBUG:openmmtools.multistate.multistateanalyzer:Computing covariance matrix...\n",
      "DEBUG:openmmtools.multistate.multistateanalyzer:Deltaf_ij:\n",
      "DEBUG:openmmtools.multistate.multistateanalyzer:   0.000   0.000   7.226   8.780   8.655   6.913   3.550  -1.437  -8.050 -16.296 -26.184 -37.725\n",
      "DEBUG:openmmtools.multistate.multistateanalyzer:   0.000   0.000   7.226   8.780   8.655   6.913   3.550  -1.437  -8.050 -16.296 -26.184 -37.725\n",
      "DEBUG:openmmtools.multistate.multistateanalyzer:  -7.226  -7.226   0.000   1.553   1.429  -0.314  -3.676  -8.663 -15.277 -23.522 -33.411 -44.951\n",
      "DEBUG:openmmtools.multistate.multistateanalyzer:  -8.780  -8.780  -1.553   0.000  -0.124  -1.867  -5.230 -10.217 -16.830 -25.076 -34.964 -46.505\n",
      "DEBUG:openmmtools.multistate.multistateanalyzer:  -8.655  -8.655  -1.429   0.124   0.000  -1.743  -5.105 -10.092 -16.706 -24.951 -34.840 -46.380\n",
      "DEBUG:openmmtools.multistate.multistateanalyzer:  -6.913  -6.913   0.314   1.867   1.743   0.000  -3.362  -8.349 -14.963 -23.209 -33.097 -44.637\n",
      "DEBUG:openmmtools.multistate.multistateanalyzer:  -3.550  -3.550   3.676   5.230   5.105   3.362   0.000  -4.987 -11.601 -19.846 -29.735 -41.275\n",
      "DEBUG:openmmtools.multistate.multistateanalyzer:   1.437   1.437   8.663  10.217  10.092   8.349   4.987   0.000  -6.614 -14.859 -24.748 -36.288\n"
     ]
    },
    {
     "name": "stderr",
     "output_type": "stream",
     "text": [
      "DEBUG:openmmtools.multistate.multistateanalyzer:   8.050   8.050  15.277  16.830  16.706  14.963  11.601   6.614   0.000  -8.245 -18.134 -29.674\n",
      "DEBUG:openmmtools.multistate.multistateanalyzer:  16.296  16.296  23.522  25.076  24.951  23.209  19.846  14.859   8.245   0.000  -9.889 -21.429\n",
      "DEBUG:openmmtools.multistate.multistateanalyzer:  26.184  26.184  33.411  34.964  34.840  33.097  29.735  24.748  18.134   9.889   0.000 -11.540\n",
      "DEBUG:openmmtools.multistate.multistateanalyzer:  37.725  37.725  44.951  46.505  46.380  44.637  41.275  36.288  29.674  21.429  11.540   0.000\n",
      "DEBUG:openmmtools.multistate.multistateanalyzer:dDeltaf_ij:\n",
      "DEBUG:openmmtools.multistate.multistateanalyzer:   0.000   0.000   0.501   0.531   0.539   0.545   0.550   0.554   0.559   0.564   0.569   0.577\n",
      "DEBUG:openmmtools.multistate.multistateanalyzer:   0.000   0.000   0.501   0.531   0.539   0.545   0.550   0.554   0.559   0.564   0.569   0.577\n",
      "DEBUG:openmmtools.multistate.multistateanalyzer:   0.501   0.501   0.000   0.063   0.095   0.119   0.139   0.157   0.173   0.188   0.204   0.224\n",
      "DEBUG:openmmtools.multistate.multistateanalyzer:   0.531   0.531   0.063   0.000   0.037   0.068   0.094   0.117   0.137   0.156   0.175   0.198\n",
      "DEBUG:openmmtools.multistate.multistateanalyzer:   0.539   0.539   0.095   0.037   0.000   0.032   0.062   0.089   0.112   0.133   0.155   0.180\n",
      "DEBUG:openmmtools.multistate.multistateanalyzer:   0.545   0.545   0.119   0.068   0.032   0.000   0.031   0.060   0.086   0.110   0.135   0.164\n",
      "DEBUG:openmmtools.multistate.multistateanalyzer:   0.550   0.550   0.139   0.094   0.062   0.031   0.000   0.030   0.059   0.086   0.114   0.146\n",
      "DEBUG:openmmtools.multistate.multistateanalyzer:   0.554   0.554   0.157   0.117   0.089   0.060   0.030   0.000   0.030   0.060   0.091   0.128\n",
      "DEBUG:openmmtools.multistate.multistateanalyzer:   0.559   0.559   0.173   0.137   0.112   0.086   0.059   0.030   0.000   0.031   0.066   0.107\n",
      "DEBUG:openmmtools.multistate.multistateanalyzer:   0.564   0.564   0.188   0.156   0.133   0.110   0.086   0.060   0.031   0.000   0.037   0.082\n",
      "DEBUG:openmmtools.multistate.multistateanalyzer:   0.569   0.569   0.204   0.175   0.155   0.135   0.114   0.091   0.066   0.037   0.000   0.048\n",
      "DEBUG:openmmtools.multistate.multistateanalyzer:   0.577   0.577   0.224   0.198   0.180   0.164   0.146   0.128   0.107   0.082   0.048   0.000\n",
      "WARNING:openmmtools.multistate.multistateanalyzer:Warning: The openmmtools.multistate API is experimental and may change in future releases\n",
      "DEBUG:openmmtools.multistate.multistateanalyzer:Checking if we need to unbias the restraint...\n",
      "DEBUG:openmmtools.multistate.multistateanalyzer:Trying to get radially symmetric restraint data...\n",
      "DEBUG:openmmtools.multistate.multistateanalyzer:Retrieving end thermodynamic states...\n",
      "DEBUG:openmmtools.multistate.multistateanalyzer:Isolating restraint force...\n",
      "DEBUG:openmmtools.multistate.multistateanalyzer:No force of type <class 'openmmtools.forces.RadiallySymmetricRestraintForce'> could be found. The restraint will not be unbiased.\n",
      "DEBUG:openmmtools.multistate.multistateanalyzer:Reading energies...\n",
      "DEBUG:openmmtools.multistate.multistatereporter:read_replica_thermodynamic_states: iteration = [   0    1    2 ...  998  999 1000]\n",
      "DEBUG:openmmtools.multistate.multistateanalyzer:Done.\n",
      "DEBUG:openmmtools.multistate.multistateanalyzer:Assembling effective timeseries...\n",
      "DEBUG:openmmtools.multistate.multistateanalyzer:Done.\n",
      "DEBUG:openmmtools.multistate.multistateanalyzer:Could not find t0: None of the requested keys could be found on disk!\n",
      "DEBUG:openmmtools.multistate.multistateanalyzer:Equilibration data:\n",
      "DEBUG:openmmtools.multistate.multistateanalyzer: number of iterations discarded to equilibration : 3\n",
      "DEBUG:openmmtools.multistate.multistateanalyzer: statistical inefficiency of production region   : 2.571342706680298\n",
      "DEBUG:openmmtools.multistate.multistateanalyzer: effective number of uncorrelated samples        : 77.7803726196289\n",
      "DEBUG:openmmtools.multistate.multistateanalyzer:Assembling uncorrelated energies...\n",
      "DEBUG:openmmtools.multistate.multistateanalyzer:Done.\n",
      "DEBUG:openmmtools.multistate.multistateanalyzer:Computing free energy differences...\n",
      "DEBUG:openmmtools.multistate.multistateanalyzer:Done.\n",
      "DEBUG:openmmtools.multistate.multistateanalyzer:Computing covariance matrix...\n",
      "DEBUG:openmmtools.multistate.multistateanalyzer:Deltaf_ij:\n",
      "DEBUG:openmmtools.multistate.multistateanalyzer:   0.000   0.000   6.609   8.089   7.940   6.181   2.812  -2.170  -8.781 -17.037 -26.956 -38.537\n",
      "DEBUG:openmmtools.multistate.multistateanalyzer:   0.000   0.000   6.609   8.089   7.940   6.181   2.812  -2.170  -8.781 -17.037 -26.956 -38.537\n",
      "DEBUG:openmmtools.multistate.multistateanalyzer:  -6.609  -6.609   0.000   1.480   1.331  -0.429  -3.797  -8.779 -15.390 -23.647 -33.566 -45.147\n",
      "DEBUG:openmmtools.multistate.multistateanalyzer:  -8.089  -8.089  -1.480   0.000  -0.149  -1.909  -5.277 -10.260 -16.870 -25.127 -35.046 -46.627\n",
      "DEBUG:openmmtools.multistate.multistateanalyzer:  -7.940  -7.940  -1.331   0.149   0.000  -1.760  -5.128 -10.110 -16.721 -24.978 -34.897 -46.478\n",
      "DEBUG:openmmtools.multistate.multistateanalyzer:  -6.181  -6.181   0.429   1.909   1.760   0.000  -3.368  -8.351 -14.961 -23.218 -33.137 -44.718\n",
      "DEBUG:openmmtools.multistate.multistateanalyzer:  -2.812  -2.812   3.797   5.277   5.128   3.368   0.000  -4.982 -11.593 -19.850 -29.769 -41.350\n",
      "DEBUG:openmmtools.multistate.multistateanalyzer:   2.170   2.170   8.779  10.260  10.110   8.351   4.982   0.000  -6.611 -14.867 -24.786 -36.367\n",
      "DEBUG:openmmtools.multistate.multistateanalyzer:   8.781   8.781  15.390  16.870  16.721  14.961  11.593   6.611   0.000  -8.257 -18.176 -29.757\n",
      "DEBUG:openmmtools.multistate.multistateanalyzer:  17.037  17.037  23.647  25.127  24.978  23.218  19.850  14.867   8.257   0.000  -9.919 -21.500\n",
      "DEBUG:openmmtools.multistate.multistateanalyzer:  26.956  26.956  33.566  35.046  34.897  33.137  29.769  24.786  18.176   9.919   0.000 -11.581\n",
      "DEBUG:openmmtools.multistate.multistateanalyzer:  38.537  38.537  45.147  46.627  46.478  44.718  41.350  36.367  29.757  21.500  11.581   0.000\n",
      "DEBUG:openmmtools.multistate.multistateanalyzer:dDeltaf_ij:\n",
      "DEBUG:openmmtools.multistate.multistateanalyzer:   0.000   0.000   0.380   0.395   0.400   0.404   0.407   0.411   0.414   0.418   0.422   0.427\n",
      "DEBUG:openmmtools.multistate.multistateanalyzer:   0.000   0.000   0.380   0.395   0.400   0.404   0.407   0.411   0.414   0.418   0.422   0.427\n",
      "DEBUG:openmmtools.multistate.multistateanalyzer:   0.380   0.380   0.000   0.038   0.062   0.081   0.095   0.108   0.120   0.132   0.144   0.159\n",
      "DEBUG:openmmtools.multistate.multistateanalyzer:   0.395   0.395   0.038   0.000   0.027   0.049   0.067   0.082   0.097   0.111   0.126   0.143\n",
      "DEBUG:openmmtools.multistate.multistateanalyzer:   0.400   0.400   0.062   0.027   0.000   0.023   0.043   0.061   0.079   0.095   0.112   0.131\n",
      "DEBUG:openmmtools.multistate.multistateanalyzer:   0.404   0.404   0.081   0.049   0.023   0.000   0.021   0.041   0.061   0.080   0.099   0.119\n",
      "DEBUG:openmmtools.multistate.multistateanalyzer:   0.407   0.407   0.095   0.067   0.043   0.021   0.000   0.021   0.042   0.064   0.085   0.108\n",
      "DEBUG:openmmtools.multistate.multistateanalyzer:   0.411   0.411   0.108   0.082   0.061   0.041   0.021   0.000   0.022   0.045   0.069   0.095\n",
      "DEBUG:openmmtools.multistate.multistateanalyzer:   0.414   0.414   0.120   0.097   0.079   0.061   0.042   0.022   0.000   0.024   0.050   0.079\n",
      "DEBUG:openmmtools.multistate.multistateanalyzer:   0.418   0.418   0.132   0.111   0.095   0.080   0.064   0.045   0.024   0.000   0.027   0.059\n",
      "DEBUG:openmmtools.multistate.multistateanalyzer:   0.422   0.422   0.144   0.126   0.112   0.099   0.085   0.069   0.050   0.027   0.000   0.034\n",
      "DEBUG:openmmtools.multistate.multistateanalyzer:   0.427   0.427   0.159   0.143   0.131   0.119   0.108   0.095   0.079   0.059   0.034   0.000\n",
      "WARNING:openmmtools.multistate.multistateanalyzer:Warning: The openmmtools.multistate API is experimental and may change in future releases\n",
      "DEBUG:openmmtools.multistate.multistateanalyzer:Checking if we need to unbias the restraint...\n",
      "DEBUG:openmmtools.multistate.multistateanalyzer:Trying to get radially symmetric restraint data...\n"
     ]
    },
    {
     "name": "stderr",
     "output_type": "stream",
     "text": [
      "DEBUG:openmmtools.multistate.multistateanalyzer:Retrieving end thermodynamic states...\n",
      "DEBUG:openmmtools.multistate.multistateanalyzer:Isolating restraint force...\n",
      "DEBUG:openmmtools.multistate.multistateanalyzer:No force of type <class 'openmmtools.forces.RadiallySymmetricRestraintForce'> could be found. The restraint will not be unbiased.\n",
      "DEBUG:openmmtools.multistate.multistateanalyzer:Reading energies...\n",
      "DEBUG:openmmtools.multistate.multistatereporter:read_replica_thermodynamic_states: iteration = [   0    1    2 ...  998  999 1000]\n",
      "DEBUG:openmmtools.multistate.multistateanalyzer:Done.\n",
      "DEBUG:openmmtools.multistate.multistateanalyzer:Assembling effective timeseries...\n",
      "DEBUG:openmmtools.multistate.multistateanalyzer:Done.\n",
      "DEBUG:openmmtools.multistate.multistateanalyzer:Could not find t0: None of the requested keys could be found on disk!\n",
      "DEBUG:openmmtools.multistate.multistateanalyzer:Equilibration data:\n",
      "DEBUG:openmmtools.multistate.multistateanalyzer: number of iterations discarded to equilibration : 1\n",
      "DEBUG:openmmtools.multistate.multistateanalyzer: statistical inefficiency of production region   : 3.0688729286193848\n",
      "DEBUG:openmmtools.multistate.multistateanalyzer: effective number of uncorrelated samples        : 98.40746307373047\n",
      "DEBUG:openmmtools.multistate.multistateanalyzer:Assembling uncorrelated energies...\n",
      "DEBUG:openmmtools.multistate.multistateanalyzer:Done.\n",
      "DEBUG:openmmtools.multistate.multistateanalyzer:Computing free energy differences...\n",
      "DEBUG:openmmtools.multistate.multistateanalyzer:Done.\n",
      "DEBUG:openmmtools.multistate.multistateanalyzer:Computing covariance matrix...\n",
      "DEBUG:openmmtools.multistate.multistateanalyzer:Deltaf_ij:\n",
      "DEBUG:openmmtools.multistate.multistateanalyzer:   0.000   0.000   6.787   8.267   8.099   6.327   2.956  -2.023  -8.627 -16.877 -26.798 -38.397\n",
      "DEBUG:openmmtools.multistate.multistateanalyzer:   0.000   0.000   6.787   8.267   8.099   6.327   2.956  -2.023  -8.627 -16.877 -26.798 -38.397\n",
      "DEBUG:openmmtools.multistate.multistateanalyzer:  -6.787  -6.787   0.000   1.480   1.311  -0.460  -3.832  -8.810 -15.414 -23.665 -33.585 -45.184\n",
      "DEBUG:openmmtools.multistate.multistateanalyzer:  -8.267  -8.267  -1.480   0.000  -0.169  -1.940  -5.312 -10.290 -16.894 -25.145 -35.065 -46.664\n",
      "DEBUG:openmmtools.multistate.multistateanalyzer:  -8.099  -8.099  -1.311   0.169   0.000  -1.772  -5.143 -10.122 -16.725 -24.976 -34.897 -46.496\n",
      "DEBUG:openmmtools.multistate.multistateanalyzer:  -6.327  -6.327   0.460   1.940   1.772   0.000  -3.371  -8.350 -14.953 -23.204 -33.125 -44.724\n",
      "DEBUG:openmmtools.multistate.multistateanalyzer:  -2.956  -2.956   3.832   5.312   5.143   3.371   0.000  -4.979 -11.582 -19.833 -29.754 -41.353\n",
      "DEBUG:openmmtools.multistate.multistateanalyzer:   2.023   2.023   8.810  10.290  10.122   8.350   4.979   0.000  -6.603 -14.854 -24.775 -36.374\n",
      "DEBUG:openmmtools.multistate.multistateanalyzer:   8.627   8.627  15.414  16.894  16.725  14.953  11.582   6.603   0.000  -8.251 -18.172 -29.770\n",
      "DEBUG:openmmtools.multistate.multistateanalyzer:  16.877  16.877  23.665  25.145  24.976  23.204  19.833  14.854   8.251   0.000  -9.921 -21.520\n",
      "DEBUG:openmmtools.multistate.multistateanalyzer:  26.798  26.798  33.585  35.065  34.897  33.125  29.754  24.775  18.172   9.921   0.000 -11.599\n",
      "DEBUG:openmmtools.multistate.multistateanalyzer:  38.397  38.397  45.184  46.664  46.496  44.724  41.353  36.374  29.770  21.520  11.599   0.000\n",
      "DEBUG:openmmtools.multistate.multistateanalyzer:dDeltaf_ij:\n",
      "DEBUG:openmmtools.multistate.multistateanalyzer:   0.000   0.000   0.343   0.357   0.362   0.366   0.368   0.371   0.374   0.377   0.381   0.386\n",
      "DEBUG:openmmtools.multistate.multistateanalyzer:   0.000   0.000   0.343   0.357   0.362   0.366   0.368   0.371   0.374   0.377   0.381   0.386\n",
      "DEBUG:openmmtools.multistate.multistateanalyzer:   0.343   0.343   0.000   0.038   0.059   0.074   0.086   0.097   0.107   0.117   0.129   0.143\n",
      "DEBUG:openmmtools.multistate.multistateanalyzer:   0.357   0.357   0.038   0.000   0.024   0.042   0.058   0.072   0.085   0.098   0.111   0.127\n",
      "DEBUG:openmmtools.multistate.multistateanalyzer:   0.362   0.362   0.059   0.024   0.000   0.020   0.037   0.053   0.069   0.084   0.099   0.116\n",
      "DEBUG:openmmtools.multistate.multistateanalyzer:   0.366   0.366   0.074   0.042   0.020   0.000   0.018   0.036   0.053   0.070   0.088   0.107\n",
      "DEBUG:openmmtools.multistate.multistateanalyzer:   0.368   0.368   0.086   0.058   0.037   0.018   0.000   0.018   0.037   0.056   0.076   0.097\n",
      "DEBUG:openmmtools.multistate.multistateanalyzer:   0.371   0.371   0.097   0.072   0.053   0.036   0.018   0.000   0.019   0.040   0.062   0.086\n",
      "DEBUG:openmmtools.multistate.multistateanalyzer:   0.374   0.374   0.107   0.085   0.069   0.053   0.037   0.019   0.000   0.022   0.045   0.072\n",
      "DEBUG:openmmtools.multistate.multistateanalyzer:   0.377   0.377   0.117   0.098   0.084   0.070   0.056   0.040   0.022   0.000   0.025   0.054\n",
      "DEBUG:openmmtools.multistate.multistateanalyzer:   0.381   0.381   0.129   0.111   0.099   0.088   0.076   0.062   0.045   0.025   0.000   0.032\n",
      "DEBUG:openmmtools.multistate.multistateanalyzer:   0.386   0.386   0.143   0.127   0.116   0.107   0.097   0.086   0.072   0.054   0.032   0.000\n",
      "WARNING:openmmtools.multistate.multistateanalyzer:Warning: The openmmtools.multistate API is experimental and may change in future releases\n",
      "DEBUG:openmmtools.multistate.multistateanalyzer:Checking if we need to unbias the restraint...\n",
      "DEBUG:openmmtools.multistate.multistateanalyzer:Trying to get radially symmetric restraint data...\n",
      "DEBUG:openmmtools.multistate.multistateanalyzer:Retrieving end thermodynamic states...\n",
      "DEBUG:openmmtools.multistate.multistateanalyzer:Isolating restraint force...\n",
      "DEBUG:openmmtools.multistate.multistateanalyzer:No force of type <class 'openmmtools.forces.RadiallySymmetricRestraintForce'> could be found. The restraint will not be unbiased.\n",
      "DEBUG:openmmtools.multistate.multistateanalyzer:Reading energies...\n",
      "DEBUG:openmmtools.multistate.multistatereporter:read_replica_thermodynamic_states: iteration = [   0    1    2 ...  998  999 1000]\n",
      "DEBUG:openmmtools.multistate.multistateanalyzer:Done.\n",
      "DEBUG:openmmtools.multistate.multistateanalyzer:Assembling effective timeseries...\n",
      "DEBUG:openmmtools.multistate.multistateanalyzer:Done.\n",
      "DEBUG:openmmtools.multistate.multistateanalyzer:Could not find t0: None of the requested keys could be found on disk!\n",
      "DEBUG:openmmtools.multistate.multistateanalyzer:Equilibration data:\n",
      "DEBUG:openmmtools.multistate.multistateanalyzer: number of iterations discarded to equilibration : 1\n",
      "DEBUG:openmmtools.multistate.multistateanalyzer: statistical inefficiency of production region   : 3.086212396621704\n",
      "DEBUG:openmmtools.multistate.multistateanalyzer: effective number of uncorrelated samples        : 130.25674438476562\n",
      "DEBUG:openmmtools.multistate.multistateanalyzer:Assembling uncorrelated energies...\n",
      "DEBUG:openmmtools.multistate.multistateanalyzer:Done.\n",
      "DEBUG:openmmtools.multistate.multistateanalyzer:Computing free energy differences...\n",
      "DEBUG:openmmtools.multistate.multistateanalyzer:Done.\n",
      "DEBUG:openmmtools.multistate.multistateanalyzer:Computing covariance matrix...\n",
      "DEBUG:openmmtools.multistate.multistateanalyzer:Deltaf_ij:\n",
      "DEBUG:openmmtools.multistate.multistateanalyzer:   0.000   0.000   6.623   8.168   8.039   6.297   2.948  -2.022  -8.635 -16.913 -26.869 -38.501\n",
      "DEBUG:openmmtools.multistate.multistateanalyzer:   0.000   0.000   6.623   8.168   8.039   6.297   2.948  -2.022  -8.635 -16.913 -26.869 -38.501\n",
      "DEBUG:openmmtools.multistate.multistateanalyzer:  -6.623  -6.623   0.000   1.546   1.416  -0.325  -3.675  -8.645 -15.258 -23.536 -33.492 -45.123\n",
      "DEBUG:openmmtools.multistate.multistateanalyzer:  -8.168  -8.168  -1.546   0.000  -0.130  -1.871  -5.220 -10.191 -16.804 -25.081 -35.038 -46.669\n",
      "DEBUG:openmmtools.multistate.multistateanalyzer:  -8.039  -8.039  -1.416   0.130   0.000  -1.741  -5.091 -10.061 -16.674 -24.952 -34.908 -46.539\n",
      "DEBUG:openmmtools.multistate.multistateanalyzer:  -6.297  -6.297   0.325   1.871   1.741   0.000  -3.349  -8.320 -14.933 -23.210 -33.167 -44.798\n",
      "DEBUG:openmmtools.multistate.multistateanalyzer:  -2.948  -2.948   3.675   5.220   5.091   3.349   0.000  -4.970 -11.584 -19.861 -29.817 -41.449\n"
     ]
    },
    {
     "name": "stderr",
     "output_type": "stream",
     "text": [
      "DEBUG:openmmtools.multistate.multistateanalyzer:   2.022   2.022   8.645  10.191  10.061   8.320   4.970   0.000  -6.613 -14.891 -24.847 -36.478\n",
      "DEBUG:openmmtools.multistate.multistateanalyzer:   8.635   8.635  15.258  16.804  16.674  14.933  11.584   6.613   0.000  -8.278 -18.234 -29.865\n",
      "DEBUG:openmmtools.multistate.multistateanalyzer:  16.913  16.913  23.536  25.081  24.952  23.210  19.861  14.891   8.278   0.000  -9.956 -21.588\n",
      "DEBUG:openmmtools.multistate.multistateanalyzer:  26.869  26.869  33.492  35.038  34.908  33.167  29.817  24.847  18.234   9.956   0.000 -11.631\n",
      "DEBUG:openmmtools.multistate.multistateanalyzer:  38.501  38.501  45.123  46.669  46.539  44.798  41.449  36.478  29.865  21.588  11.631   0.000\n",
      "DEBUG:openmmtools.multistate.multistateanalyzer:dDeltaf_ij:\n",
      "DEBUG:openmmtools.multistate.multistateanalyzer:   0.000   0.000   0.256   0.270   0.276   0.279   0.282   0.285   0.288   0.291   0.295   0.299\n",
      "DEBUG:openmmtools.multistate.multistateanalyzer:   0.000   0.000   0.256   0.270   0.276   0.279   0.282   0.285   0.288   0.291   0.295   0.299\n",
      "DEBUG:openmmtools.multistate.multistateanalyzer:   0.256   0.256   0.000   0.034   0.053   0.065   0.076   0.086   0.095   0.105   0.115   0.127\n",
      "DEBUG:openmmtools.multistate.multistateanalyzer:   0.270   0.270   0.034   0.000   0.021   0.037   0.051   0.063   0.075   0.087   0.099   0.112\n",
      "DEBUG:openmmtools.multistate.multistateanalyzer:   0.276   0.276   0.053   0.021   0.000   0.017   0.033   0.048   0.062   0.075   0.089   0.103\n",
      "DEBUG:openmmtools.multistate.multistateanalyzer:   0.279   0.279   0.065   0.037   0.017   0.000   0.016   0.033   0.049   0.064   0.079   0.095\n",
      "DEBUG:openmmtools.multistate.multistateanalyzer:   0.282   0.282   0.076   0.051   0.033   0.016   0.000   0.017   0.034   0.051   0.068   0.086\n",
      "DEBUG:openmmtools.multistate.multistateanalyzer:   0.285   0.285   0.086   0.063   0.048   0.033   0.017   0.000   0.018   0.037   0.055   0.076\n",
      "DEBUG:openmmtools.multistate.multistateanalyzer:   0.288   0.288   0.095   0.075   0.062   0.049   0.034   0.018   0.000   0.020   0.040   0.063\n",
      "DEBUG:openmmtools.multistate.multistateanalyzer:   0.291   0.291   0.105   0.087   0.075   0.064   0.051   0.037   0.020   0.000   0.022   0.047\n",
      "DEBUG:openmmtools.multistate.multistateanalyzer:   0.295   0.295   0.115   0.099   0.089   0.079   0.068   0.055   0.040   0.022   0.000   0.027\n",
      "DEBUG:openmmtools.multistate.multistateanalyzer:   0.299   0.299   0.127   0.112   0.103   0.095   0.086   0.076   0.063   0.047   0.027   0.000\n",
      "WARNING:openmmtools.multistate.multistateanalyzer:Warning: The openmmtools.multistate API is experimental and may change in future releases\n",
      "DEBUG:openmmtools.multistate.multistateanalyzer:Checking if we need to unbias the restraint...\n",
      "DEBUG:openmmtools.multistate.multistateanalyzer:Trying to get radially symmetric restraint data...\n",
      "DEBUG:openmmtools.multistate.multistateanalyzer:Retrieving end thermodynamic states...\n",
      "DEBUG:openmmtools.multistate.multistateanalyzer:Isolating restraint force...\n",
      "DEBUG:openmmtools.multistate.multistateanalyzer:No force of type <class 'openmmtools.forces.RadiallySymmetricRestraintForce'> could be found. The restraint will not be unbiased.\n",
      "DEBUG:openmmtools.multistate.multistateanalyzer:Reading energies...\n",
      "DEBUG:openmmtools.multistate.multistatereporter:read_replica_thermodynamic_states: iteration = [   0    1    2 ...  998  999 1000]\n",
      "DEBUG:openmmtools.multistate.multistateanalyzer:Done.\n",
      "DEBUG:openmmtools.multistate.multistateanalyzer:Assembling effective timeseries...\n",
      "DEBUG:openmmtools.multistate.multistateanalyzer:Done.\n",
      "DEBUG:openmmtools.multistate.multistateanalyzer:Could not find t0: None of the requested keys could be found on disk!\n",
      "DEBUG:openmmtools.multistate.multistateanalyzer:Equilibration data:\n",
      "DEBUG:openmmtools.multistate.multistateanalyzer: number of iterations discarded to equilibration : 1\n",
      "DEBUG:openmmtools.multistate.multistateanalyzer: statistical inefficiency of production region   : 3.1140618324279785\n",
      "DEBUG:openmmtools.multistate.multistateanalyzer: effective number of uncorrelated samples        : 161.20425415039062\n",
      "DEBUG:openmmtools.multistate.multistateanalyzer:Assembling uncorrelated energies...\n",
      "DEBUG:openmmtools.multistate.multistateanalyzer:Done.\n",
      "DEBUG:openmmtools.multistate.multistateanalyzer:Computing free energy differences...\n",
      "DEBUG:openmmtools.multistate.multistateanalyzer:Done.\n",
      "DEBUG:openmmtools.multistate.multistateanalyzer:Computing covariance matrix...\n",
      "DEBUG:openmmtools.multistate.multistateanalyzer:Deltaf_ij:\n",
